TDRS 3                  
1 19548U 88091B   24207.78640875 -.00000303  00000+0  00000+0 0  9998
2 19548  13.1323 345.6486 0033357 338.7892 213.8384  1.00275034118459
FLTSATCOM 8 (USA 46)    
1 20253U 89077A   24207.92053735 -.00000371  00000+0  00000+0 0  9992
2 20253  12.6216 355.3128 0004651 119.2978 286.7021  1.00272749253695
SKYNET 4C               
1 20776U 90079A   24207.58811059  .00000121  00000+0  00000+0 0  9991
2 20776  13.5621 354.5276 0003130 143.6076  50.6827  1.00273033123955
TDRS 5                  
1 21639U 91054B   24208.35327118 -.00000307  00000+0  00000+0 0  9995
2 21639  14.1570 358.8179 0004467 203.2724 167.3944  1.00269833120787
TDRS 6                  
1 22314U 93003B   24207.85452010 -.00000301  00000+0  00000+0 0  9990
2 22314  14.1636   2.1259 0011340 159.7850  43.5810  1.00280788115471
UFO 2 (USA 95)          
1 22787U 93056A   24207.58724036  .00000120  00000+0  00000+0 0  9990
2 22787  11.6673   7.1741 0002581 135.9391  40.7288  1.00272424111610
USA 99 (MILSTAR-1 1)    
1 22988U 94009A   24208.49386302 -.00000207  00000+0  00000+0 0  9990
2 22988  16.5695  35.0371 0002169 110.5486 246.9065  1.00271890 24720
UFO 4 (USA 108)         
1 23467U 95003A   24207.75882257 -.00000027  00000+0  00000+0 0  9996
2 23467   9.6522  15.3498 0004814 116.6261 257.3984  1.00270659108027
TDRS 7                  
1 23613U 95035B   24207.87195934 -.00000206  00000+0  00000+0 0  9995
2 23613  13.6646 352.9555 0027561  76.0027 273.6749  1.00277623106317
USA 115 (MILSTAR-1 2)   
1 23712U 95060A   24206.55592962 -.00000024  00000+0  00000+0 0  9997
2 23712  13.8142   8.7576 0001372 136.5181 237.6694  1.00274715 25941
INMARSAT 3-F1           
1 23839U 96020A   24207.63054904 -.00000009  00000+0  00000+0 0  9996
2 23839   9.1452  52.5910 0007326  89.4386 275.4429  0.99979067103346
INMARSAT 3-F2           
1 24307U 96053A   24207.86367782 -.00000357  00000+0  00000+0 0  9995
2 24307   8.2742  60.5995 0008157  58.9957 266.3906  0.99997192102009
INMARSAT 3-F3           
1 24674U 96070A   24207.83660469  .00000061  00000+0  00000+0 0  9997
2 24674   8.8072  55.8939 0005625  86.7297 120.7115  0.99999376100993
GALAXY 25 (G-25)        
1 24812U 97026A   24208.05049231 -.00000246  00000+0  00000+0 0  9992
2 24812   5.6369  75.6905 0009709  12.2604 209.8051  0.99096275 99369
INTELSAT 5 (IS-5)       
1 24916U 97046A   24207.63700170 -.00000144  00000+0  00000+0 0  9995
2 24916   8.8820  55.1550 0002799 125.3037 100.4950  0.99032444 98695
AMC-3                   
1 24936U 97050A   24207.56722516 -.00000265  00000+0  00000+0 0  9996
2 24936   6.4393  71.7766 0002814  56.6692 307.5019  1.00271802 45504
USA 134                 
1 25019U 97065A   24208.06010962 -.00000069  00000+0  00000+0 0  9998
2 25019  11.9542  26.5862 0001414  99.4444  87.6946  1.00269674 24678
INMARSAT 3-F5           
1 25153U 98006B   24207.49925368 -.00000295  00000+0  00000+0 0  9995
2 25153   8.1297  59.7541 0004574  72.6127 297.0020  1.00267457 96952
ASTRA 2A                
1 25462U 98050A   24208.16536715  .00000064  00000+0  00000+0 0  9999
2 25462   5.3430  77.0297 0003172  43.2160 300.8050  1.00271113 94811
SKYNET 4E               
1 25639U 99009B   24207.72439918 -.00000039  00000+0  00000+0 0  9991
2 25639  11.6543  12.8648 0002227 118.5401  72.0959  1.00271157 44452
ABS-6                   
1 25924U 99053A   24207.79979895 -.00000122  00000+0  00000+0 0  9990
2 25924   0.0435 261.5959 0003525 201.7457 287.5592  1.00271124 90908
UFO 10 (USA 146)        
1 25967U 99063A   24207.79171713 -.00000191  00000+0  00000+0 0  9997
2 25967   9.4641  30.4693 0003409 139.2613  36.5580  1.00271848 90413
GALAXY 11 (G-11)        
1 26038U 99071A   24208.55934772 -.00000060  00000+0  00000+0 0  9998
2 26038   4.9537  78.7705 0000938 166.7842  66.8304  1.00271614 90140
USA 148                 
1 26052U 00001A   24207.27410365  .00000032  00000+0  00000+0 0  9992
2 26052  10.7705  37.4648 0000607 140.1824  44.8395  1.00269879 26027
ASIASTAR                
1 26107U 00016A   24208.10327282 -.00000339  00000+0  00000+0 0  9998
2 26107   7.4960  65.1817 0004060  62.7080 318.5682  1.00270343 89229
USA 149 (DSP 20)        
1 26356U 00024A   24207.69167866  .00000089  00000+0  00000+0 0  9997
2 26356  12.6450  16.5416 0000243 315.6756  54.9677  1.00267220 25989
TDRS 8                  
1 26388U 00034A   24207.76282562  .00000089  00000+0  00000+0 0  9992
2 26388  11.5883  36.9575 0001633 178.8369 195.1586  1.00271277 88250
INTELSAT 9 (IS-9)       
1 26451U 00043A   24208.22998962  .00000126  00000+0  00000+0 0  9995
2 26451   8.8694  55.3340 0003421 103.7028 250.4063  1.00393961 87913
NSS-11                  
1 26554U 00059A   24207.75960578  .00000023  00000+0  00000+0 0  9991
2 26554   0.3303  88.8152 0003077  45.5892 258.9893  1.00271756 34353
USA 153                 
1 26575U 00065A   24208.49146348 -.00000330  00000+0  00000+0 0  9996
2 26575  10.4214  40.7219 0000401 249.2914 325.9138  1.00277098 24683
AMC-6                   
1 26580U 00067A   24207.60100890  .00000103  00000+0  00000+0 0  9995
2 26580   0.0203  62.1445 0002890  67.6675 251.3262  1.00271728 86953
INTELSAT 1R (IS-1R)     
1 26608U 00072A   24205.39468650 -.00000142  00000+0  00000+0 0  9991
2 26608   6.3516  72.3473 0000529 146.8298  21.5976  1.00271261 34361
ANIK F1                 
1 26624U 00076A   24207.70299161 -.00000065  00000+0  00000+0 0  9993
2 26624   3.4003  83.2812 0009547  35.3117 329.1736  1.00270410 36219
USA 157 (MILSTAR-2 2)   
1 26715U 01009A   24207.46560812  .00000006  00000+0  00000+0 0  9992
2 26715  10.7863  23.6478 0002623 118.9977 204.5762  1.00277167 26019
INTELSAT 10 (IS-10)     
1 26766U 01019A   24207.87281966 -.00000239  00000+0  00000+0 0  9993
2 26766   7.4139  66.2722 0003585  74.1610 212.0178  1.00109090 38684
INTELSAT 901 (IS-901)   
1 26824U 01024A   24208.05604690 -.00000204  00000+0  00000+0 0  9990
2 26824   0.0288 247.6275 0000707 234.3556 174.9359  1.00271744 84654
USA 159 (DSP 21)        
1 26880U 01033A   24204.35191045 -.00000298  00000+0  00000+0 0  9999
2 26880  12.1259  21.0669 0000999 239.7313 116.9385  1.00261580 25996
INTELSAT 902 (IS-902)   
1 26900U 01039A   24207.50003687 -.00000286  00000+0  00000+0 0  9999
2 26900   4.3565  80.1934 0004631  59.8808 293.5236  1.00272447 83759
USA 164 (MILSTAR-2 3)   
1 27168U 02001A   24207.72779306  .00000080  00000+0  00000+0 0  9999
2 27168  10.3570  25.6565 0098754   0.9613 195.4484  1.00269467 26023
INTELSAT 904 (IS-904)   
1 27380U 02007A   24208.05604690 -.00000219  00000+0  00000+0 0  9996
2 27380   5.1759  77.4031 0002739  56.8392 160.6679  1.00271221 82152
DIRECTV 5 (TEMPO 1)     
1 27426U 02023A   24208.49681652 -.00000060  00000+0  00000+0 0  9990
2 27426   3.1001  83.9745 0003209  50.5779 238.8513  1.00271607 81374
INTELSAT 905 (IS-905)   
1 27438U 02027A   24208.17141521 -.00000190  00000+0  00000+0 0  9992
2 27438   5.0019  78.0565 0002635  48.0099 215.4890  1.00271600 81047
GALAXY 3C (G-3C)        
1 27445U 02030A   24206.72936913 -.00000154  00000+0  00000+0 0  9990
2 27445   1.9424  86.3976 0003894  37.5681 346.6693  1.00270751 39559
INTELSAT 906 (IS-906)   
1 27513U 02041A   24207.80897628  .00000010  00000+0  00000+0 0  9997
2 27513   4.0333  81.4346 0003088  36.6627 181.2495  1.00272161 80095
TDRS 10                 
1 27566U 02055A   24207.62793366  .00000083  00000+0  00000+0 0  9994
2 27566   9.6340  45.1317 0004101 353.9990 319.7528  1.00278939 79296
NIMIQ 2                 
1 27632U 02062A   24207.63141927 -.00000072  00000+0  00000+0 0  9996
2 27632   7.8196  63.8521 0005238  68.9789 289.1090  1.00272305 37248
USA 167                 
1 27691U 03008A   24208.12890469  .00000013  00000+0  00000+0 0  9993
2 27691   9.5733  49.1981 0001702 154.6350  20.4563  1.00376015 24694
USA 169 (MILSTAR-2 4)   
1 27711U 03012A   24207.80500589 -.00000201  00000+0  00000+0 0  9996
2 27711  11.2880  35.0950 0097944   3.7355 347.1107  1.00271420 24712
ASIASAT 4               
1 27718U 03014A   24208.18329382 -.00000225  00000+0  00000+0 0  9993
2 27718   2.9257  84.4851 0002459  44.3603  29.0343  1.00270575 77992
HELLAS-SAT 2            
1 27811U 03020A   24207.79424079 -.00000087  00000+0  00000+0 0  9995
2 27811   5.6166  76.0632 0005062  65.8958  77.9166  1.00271764 35915
THURAYA-2               
1 27825U 03026A   24206.66603749  .00000123  00000+0  00000+0 0  9994
2 27825   7.7737  34.1331 0002665  64.1586 128.3582  1.00271693 77407
OPTUS C1                
1 27831U 03028B   24208.54751784 -.00000156  00000+0  00000+0 0  9992
2 27831   5.1434  77.7178 0005404  47.3518 172.4373  1.00269926 77396
GALAXY 23 (G-23)        
1 27854U 03034A   24208.12994896  .00000010  00000+0  00000+0 0  9999
2 27854   1.4044  88.5651 0002711  47.3696  94.2568  1.00272678 81613
USA 170                 
1 27875U 03040A   24208.23042472  .00000123  00000+0  00000+0 0  9990
2 27875   9.0175  54.1020 0001907  38.4810 319.2019  1.00265412 24705
GALAXY 13 (HORIZONS-1)  
1 27954U 03044A   24207.25343542  .00000131  00000+0  00000+0 0  9994
2 27954   0.0135  60.8473 0000893 120.8229  62.9871  1.00270016 39631
YAMAL 202               
1 28089U 03053A   24208.55566056 -.00000084  00000+0  00000+0 0  9993
2 28089   4.5870  79.2847 0004638  59.2778 169.6620  1.00271945 75752
UFO 11 (USA 174)        
1 28117U 03057A   24208.09735529 -.00000106  00000+0  00000+0 0  9996
2 28117   8.1262  36.6245 0003594  93.2988 284.7356  1.00271468 75495
USA 176 (DSP 22)        
1 28158U 04004A   24207.87091395 -.00000224  00000+0  00000+0 0  9996
2 28158  11.1127  30.7772 0000299 169.9195 144.2408  1.00269953 25998
ABS-4 (MOBISAT-1)       
1 28184U 04007A   24207.80836712  .00000036  00000+0  00000+0 0  9991
2 28184   4.2786  80.3854 0004275  57.4292 158.1609  1.00269515 45409
EUTELSAT 7A             
1 28187U 04008A   24207.76856911  .00000100  00000+0  00000+0 0  9995
2 28187   4.0628  80.1895 0001126  56.1372 305.0933  1.00270986 74426
AMC-11                  
1 28252U 04017A   24207.35643535 -.00000051  00000+0  00000+0 0  9995
2 28252   0.0470 284.1181 0001193 222.3792 174.2486  1.00270660 73934
INTELSAT 10-02          
1 28358U 04022A   24208.32549368 -.00000014  00000+0  00000+0 0  9994
2 28358   0.0511 256.2273 0000785 205.7972 318.6596  1.00267766 73704
ANIK F2                 
1 28378U 04027A   24207.63107118 -.00000052  00000+0  00000+0 0  9999
2 28378   1.4983  88.1960 0002600  24.8073 306.9154  1.00271244 34320
AMC-15                  
1 28446U 04041A   24207.54210097 -.00000090  00000+0  00000+0 0  9994
2 28446   0.0515 280.3618 0002349 195.3209 278.1353  1.00271541 72371
NSS-10                  
1 28526U 05003A   24208.43277059 -.00000255  00000+0  00000+0 0  9995
2 28526   4.7125  78.7456 0002818  39.4806 304.7245  1.00271038 71397
XTAR-EUR                
1 28542U 05005A   24208.31080799  .00000148  00000+0  00000+0 0  9995
2 28542   2.5473  85.3775 0002676  41.6499 318.3177  1.00270907 71254
XM-3 (RHYTHM)           
1 28626U 05008A   24206.92067359 -.00000206  00000+0  00000+0 0  9999
2 28626   0.0183 179.3690 0004369  42.7854 327.2486  1.00270204 35685
INMARSAT 4-F1           
1 28628U 05009A   24207.76004088  .00000029  00000+0  00000+0 0  9997
2 28628   4.3186  41.2167 0001857 107.3333 247.0969  1.00270836 70733
DIRECTV 8               
1 28659U 05019A   24207.62941774  .00000000  00000+0  00000+0 0  9998
2 28659   0.0138  83.4753 0002882  53.1666 274.7106  1.00271526 70133
GALAXY 28 (G-28)        
1 28702U 05022A   24208.49403705 -.00000188  00000+0  00000+0 0  9992
2 28702   1.5099  87.5334 0002211 142.3697 163.6074  1.00271600 69901
THAICOM 4               
1 28786U 05028A   24207.64305704 -.00000364  00000+0  00000+0 0  9992
2 28786   0.0190  69.2221 0001743  63.6095 162.0317  1.00268528 45314
GALAXY 14 (G-14)        
1 28790U 05030A   24207.51657118  .00000152  00000+0  00000+0 0  9999
2 28790   3.2266  83.3965 0001350  47.7345  31.4462  1.00273756 69376
ANIK F1R                
1 28868U 05036A   24207.70333970 -.00000077  00000+0  00000+0 0  9996
2 28868   2.5287  85.2002 0003453  35.5774 329.0084  1.00271322 39524
SYRACUSE 3A             
1 28885U 05041B   24207.86438302  .00000128  00000+0  00000+0 0  9999
2 28885   2.8704  84.4591 0002265  39.1745 177.7625  1.00272286 68815
INMARSAT 4-F2           
1 28899U 05044A   24207.52931267 -.00000264  00000+0  00000+0 0  9990
2 28899   4.2301  42.6017 0002023 100.3926 134.7514  1.00270624 68580
SPACEWAY 2              
1 28903U 05046B   24208.12638102  .00000098  00000+0  00000+0 0  9991
2 28903   3.6974  79.7711 0000310  11.8758 119.4225  1.00273421 68568
METEOSAT-9 (MSG-2)      
1 28912U 05049B   24207.73371059  .00000121  00000+0  00000+0 0  9992
2 28912   7.7721  60.5439 0000769   4.4885 188.6757  1.00269657    71
EUTELSAT 174A           
1 28924U 05052A   24207.75925769  .00000006  00000+0  00000+0 0  9996
2 28924   2.4557  85.0868 0006115  40.4830 265.6661  1.00271058 45394
ECHOSTAR 10             
1 28935U 06003A   24208.49660317 -.00000057  00000+0  00000+0 0  9999
2 28935   0.0526 272.2036 0001337 221.1380 239.9030  1.00271302 67594
SPAINSAT                
1 28945U 06007A   24207.24048722 -.00000218  00000+0  00000+0 0  9995
2 28945   0.0175 252.6323 0004754 260.5293 206.8630  1.00269887 67271
EUTELSAT HOTBIRD 13E    
1 28946U 06007B   24207.79876596  .00000084  00000+0  00000+0 0  9994
2 28946   0.3087 103.8835 0005003  22.6197 117.8160  1.00269772 67395
JCSAT-5A                
1 29045U 06010A   24208.16716271 -.00000330  00000+0  00000+0 0  9999
2 29045   0.0516 247.8767 0001218 304.0425 304.6316  1.00270586 67011
ASTRA 1KR               
1 29055U 06012A   24207.58541289  .00000118  00000+0  00000+0 0  9995
2 29055   0.0629 270.3464 0002434 249.1643  14.1867  1.00271566 66814
EWS-G1 (GOES 13)        
1 29155U 06018A   24207.59470674  .00000076  00000+0  00000+0 0  9995
2 29155   2.7234  84.8596 0075899 255.9843 243.8216  0.99029851 36419
GALAXY 16 (G-16)        
1 29236U 06023A   24208.50280726 -.00000129  00000+0  00000+0 0  9990
2 29236   0.0507 254.6744 0002765 244.8151 247.1800  1.00272146 66347
EUTELSAT HOTBIRD 13B    
1 29270U 06032A   24207.82549375  .00000154  00000+0  00000+0 0  9997
2 29270   0.0241 359.2628 0004246 135.2518 139.7508  1.00268338 40373
JCSAT-3A                
1 29272U 06033A   24208.48465566 -.00000347  00000+0  00000+0 0  9997
2 29272   0.0270 253.6082 0002466 241.4763 112.0485  1.00270778 65839
SYRACUSE 3B             
1 29273U 06033B   24207.58053962 -.00000046  00000+0  00000+0 0  9997
2 29273   1.1188  89.0854 0003345  38.1327  20.3262  1.00271715 65771
KOREASAT 5 (MUGUNGWHA 5)
1 29349U 06034A   24207.91042523 -.00000360  00000+0  00000+0 0  9999
2 29349   0.0425 232.7200 0001867 302.4072 209.7543  1.00269486 34380
DIRECTV 9S              
1 29494U 06043A   24208.50202993 -.00000115  00000+0  00000+0 0  9993
2 29494   0.6293  89.2571 0003049  46.6043 248.3328  1.00271064 65182
OPTUS D1                
1 29495U 06043B   24208.54318381 -.00000186  00000+0  00000+0 0  9995
2 29495   1.2441  88.3890 0004021  36.4266 167.4485  1.00272063 65213
BADR-4                  
1 29526U 06051A   24208.51692400  .00000143  00000+0  00000+0 0  9995
2 29526   0.2149  82.6107 0001365  61.3972  12.9880  1.00270790 64968
WILDBLUE-1              
1 29643U 06054A   24208.49574689 -.00000051  00000+0  00000+0 0  9992
2 29643   1.0113  89.7806 0001644  39.3419 242.8231  1.00271707 64629
SKYNET 5A               
1 30794U 07007B   24207.84024286 -.00000275  00000+0  00000+0 0  9999
2 30794   3.5276  82.0669 0003314  45.7170 213.9466  1.00271529 63764
ANIK F3                 
1 31102U 07009A   24207.70107712 -.00000003  00000+0  00000+0 0  9995
2 31102   0.0367 262.1373 0002030 234.1007 301.3449  1.00276349 39627
ASTRA 1L                
1 31306U 07016A   24206.94979999  .00000118  00000+0  00000+0 0  9994
2 31306   0.0917 296.8706 0000959 219.0701 148.3203  1.00269668 38058
GALAXY 17 (G-17)        
1 31307U 07016B   24208.49482025 -.00000208  00000+0  00000+0 0  9997
2 31307   1.2134  88.9117 0004331  51.5549 257.3201  1.00270973 63155
ZHONGXING-6B            
1 31800U 07031A   24207.64128898 -.00000363  00000+0  00000+0 0  9995
2 31800   0.6104  90.8029 0002827  47.3012 151.8303  1.00266129 62498
DIRECTV 10              
1 31862U 07032A   24207.21021462 -.00000105  00000+0  00000+0 0  9990
2 31862   0.0026 307.9838 0000254 302.1950  26.1034  1.00271652 62467
BSAT-3A                 
1 32019U 07036B   24207.69761250 -.00000352  00000+0  00000+0 0  9991
2 32019   0.0824 250.3765 0002979 291.7610 122.7252  1.00270318 43596
OPTUS D2                
1 32252U 07044A   24208.11423767 -.00000112  00000+0  00000+0 0  9999
2 32252   0.2790  91.6999 0003587  39.8422  13.9480  1.00271865 61516
INTELSAT 11 (IS-11)     
1 32253U 07044B   24207.78771410 -.00000271  00000+0  00000+0 0  9999
2 32253   1.7611  87.3638 0003101  44.9424  52.2392  1.00271535 61565
WGS F1 (USA 195)        
1 32258U 07046A   24208.50326146 -.00000269  00000+0  00000+0 0  9996
2 32258   0.0923  93.2272 0000957  11.0289 339.1128  1.00268559 61395
SKYNET 5B               
1 32294U 07056B   24207.80119066  .00000137  00000+0  00000+0 0  9993
2 32294   3.4830  81.6942 0003731  43.9885 131.8155  1.00271382 61264
ASTRA 4A                
1 32299U 07057A   24208.17757833  .00000030  00000+0  00000+0 0  9992
2 32299   0.0102  16.9327 0002947  97.5283 258.6201  1.00271057 61031
HORIZONS-2              
1 32388U 07063B   24208.20535896 -.00000256  00000+0  00000+0 0  9996
2 32388   0.8099  89.3024 0001945  43.0146 172.1946  1.00271268 60941
THURAYA-3               
1 32404U 08001A   24208.52399447 -.00000306  00000+0  00000+0 0  9999
2 32404   4.9035  32.7829 0002280  85.8565 113.1676  1.00273492 60601
THOR 5                  
1 32487U 08006A   24207.02384241 -.00000011  00000+0  00000+0 0  9998
2 32487   0.0108 251.4764 0002330 240.1020 179.4745  1.00269080 60370
AMC-14                  
1 32708U 08011A   24207.18799365  .00000065  00000+0  00000+0 0  9992
2 32708  23.1384  28.8380 0037925   6.0200 353.6889  1.00274034 61219
DIRECTV 11              
1 32729U 08013A   24207.20466012 -.00000127  00000+0  00000+0 0  9990
2 32729   0.0434 232.7886 0000306 269.8699 135.2244  1.00269366 59996
ICO G1                  
1 32763U 08016A   24208.50577168 -.00000176  00000+0  00000+0 0  9994
2 32763   4.9647  35.2716 0002173  83.0396 275.5891  1.00272730 59541
VINASAT-1               
1 32767U 08018A   24207.32159096 -.00000331  00000+0  00000+0 0  9998
2 32767   0.0457 270.7340 0001887 232.4249  48.0550  1.00269859 59653
STAR ONE C2             
1 32768U 08018B   24207.78310189 -.00000278  00000+0  00000+0 0  9991
2 32768   0.0243  21.8546 0002346 111.7403  27.2671  1.00269547 59727
AMOS-3                  
1 32794U 08022A   24208.32549368 -.00000038  00000+0  00000+0 0  9993
2 32794   0.0542 252.4897 0001995 266.6513 258.3913  1.00270239 59524
GALAXY 18 (G-18)        
1 32951U 08024A   24208.49067808  .00000023  00000+0  00000+0 0  9995
2 32951   0.0153  87.1438 0002976  46.9640 224.1791  1.00271934 59169
ZHONGXING-9             
1 33051U 08028A   24207.84004325 -.00000250  00000+0  00000+0 0  9997
2 33051   0.0187 122.7593 0004639  14.0303 201.8619  1.00270606 59106
SKYNET 5C               
1 33055U 08030A   24208.15039927 -.00000143  00000+0  00000+0 0  9996
2 33055   2.0052  85.0181 0003827  52.1324 203.5110  1.00270329 58972
TURKSAT 3A              
1 33056U 08030B   24207.23218934  .00000144  00000+0  00000+0 0  9992
2 33056   0.0196 143.7716 0005485 349.3539 295.8912  1.00274206 45414
INTELSAT 25 (IS-25)     
1 33153U 08034A   24208.15952065 -.00000226  00000+0  00000+0 0  9998
2 33153   0.9175  88.9557 0003059  45.7945 195.5096  1.00271589 58700
BADR-6                  
1 33154U 08034B   24208.51692400  .00000143  00000+0  00000+0 0  9990
2 33154   1.0587  86.7484 0007964  26.6476  43.6476  1.00275289 58820
ECHOSTAR 11             
1 33207U 08035A   24207.47266816 -.00000058  00000+0  00000+0 0  9998
2 33207   0.0132  17.9497 0002675 101.2791 244.6006  1.00271758 44271
SUPERBIRD-C2            
1 33274U 08038A   24207.87827404 -.00000253  00000+0  00000+0 0  9992
2 33274   0.5681  90.5118 0001017 108.6029 205.0508  1.00271837 98792
AMC-21                  
1 33275U 08038B   24207.69968475  .00000034  00000+0  00000+0 0  9993
2 33275   1.1535  89.4684 0002520  37.5947 303.7986  1.00272023 58556
INMARSAT 4-F3           
1 33278U 08039A   24208.44756160 -.00000143  00000+0  00000+0 0  9999
2 33278   3.7352  27.7197 0002683 105.0402 234.9778  1.00272059 58345
NIMIQ 4                 
1 33373U 08044A   24207.77979503 -.00000222  00000+0  00000+0 0  9992
2 33373   0.0065  27.1261 0001796 111.2822   4.2710  1.00270891 58051
GALAXY 19 (G-19)        
1 33376U 08045A   24208.44812137 -.00000141  00000+0  00000+0 0  9990
2 33376   0.0552 262.0522 0002802 224.9168 241.9729  1.00271247 57919
ASTRA 1M                
1 33436U 08057A   24208.51544462  .00000118  00000+0  00000+0 0  9994
2 33436   0.0216  77.4086 0005735  56.1946  15.8187  1.00272172 57557
EUTELSAT HOTBIRD 13C    
1 33459U 08065A   24207.79371865 -.00000103  00000+0  00000+0 0  9997
2 33459   1.1615  87.0226 0004368  39.9455  90.2183  1.00270583 40419
EXPRESS-AM44            
1 33595U 09007A   24207.79406674 -.00000092  00000+0  00000+0 0  9999
2 33595   1.6747  86.9025 0004615  31.8894 100.0237  1.00271023 45357
NSS-9                   
1 33749U 09008A   24207.76108516  .00000070  00000+0  00000+0 0  9997
2 33749   0.0428 281.8752 0002127 199.6981 279.4202  1.00271174 56583
EUTELSAT 33E            
1 33750U 09008B   24207.63411698 -.00000151  00000+0  00000+0 0  9994
2 33750   0.8814  88.4805 0004859  40.0670 308.1488  1.00269738 56501
TELSTAR 11N             
1 34111U 09009A   24207.30188522 -.00000253  00000+0  00000+0 0  9991
2 34111   0.0163  82.6683 0002112  28.1610 263.7738  1.00267132 39302
WGS F2 (USA 204)        
1 34713U 09017A   24208.45165449  .00000066  00000+0  00000+0 0  9999
2 34713   0.0151  61.5018 0000558 140.3757 322.8317  1.00270886 56013
SES-7 (PROTOSTAR 2)     
1 34941U 09027A   24207.03063306 -.00000347  00000+0  00000+0 0  9998
2 34941   0.0199 338.1981 0001404 221.4548 222.8521  1.00270331 55683
MEASAT-3A               
1 35362U 09032A   24207.55029333 -.00000113  00000+0  00000+0 0  9992
2 35362   0.0126 127.2065 0002543 346.9962 187.5812  1.00271220  1093
GOES 14                 
1 35491U 09033A   24207.63159331 -.00000068  00000+0  00000+0 0  9996
2 35491   0.4258 100.5146 0003776  19.2308 302.9707  1.00271503 55171
FM-5                    
1 35493U 09034A   24207.27825368 -.00000202  00000+0  00000+0 0  9999
2 35493   0.0385 259.4929 0000287   3.8655  54.1210  1.00272878 39703
TERRESTAR-1             
1 35496U 09035A   24208.48968593 -.00000060  00000+0  00000+0 0  9997
2 35496   4.5023  47.6999 0002655  81.6103 240.6281  1.00271074 55234
ASIASAT 5               
1 35696U 09042A   24207.84781816 -.00000310  00000+0  00000+0 0  9995
2 35696   0.0373 252.8535 0001668 198.4111 258.4810  1.00272918 54771
JCSAT-12 (JCSAT-RA)     
1 35755U 09044A   24207.85880488 -.00000330  00000+0  00000+0 0  9991
2 35755   0.0268  91.0663 0001970   6.8072 287.3916  1.00272021 54671
OPTUS D3                
1 35756U 09044B   24208.54787669 -.00000149  00000+0  00000+0 0  9994
2 35756   0.1086  76.2430 0003327  31.6950 189.9989  1.00271845 54701
NIMIQ 5                 
1 35873U 09050A   24208.20535896 -.00000259  00000+0  00000+0 0  9999
2 35873   0.0544 260.6149 0002758 219.6042 185.3747  1.00269662 54416
AMAZONAS 2              
1 35942U 09054A   24207.99875650 -.00000285  00000+0  00000+0 0  9999
2 35942   0.0297 128.8557 0005441  15.6230  98.3730  1.00275403 54247
COMSATBW-1              
1 35943U 09054B   24207.85882844  .00000022  00000+0  00000+0 0  9996
2 35943   0.0586  75.3263 0002730  62.5890 178.2932  1.00271701 54362
NSS-12                  
1 36032U 09058A   24207.48938247  .00000069  00000+0  00000+0 0  9999
2 36032   0.1066 275.5072 0003345 205.2188  56.1044  1.00273975 53987
THOR 6                  
1 36033U 09058B   24207.29522310 -.00000012  00000+0  00000+0 0  9998
2 36033   0.0107 259.5912 0001906 249.3332 259.9977  1.00270364 54066
INTELSAT 14 (IS-14)     
1 36097U 09064A   24207.71560990 -.00000275  00000+0  00000+0 0  9999
2 36097   0.0150  60.5731 0002442  70.7893  25.1455  1.00269663 53677
EUTELSAT 36B            
1 36101U 09065A   24207.82549375  .00000153  00000+0  00000+0 0  9996
2 36101   0.0648   9.1970 0004995 113.3728 154.4884  1.00270892 53785
INTELSAT 15 (IS-15)     
1 36106U 09067A   24208.49216149 -.00000187  00000+0  00000+0 0  9995
2 36106   0.0150  63.4882 0002117  64.7129  78.7825  1.00270733 53676
WGS F3 (USA 211)        
1 36108U 09068A   24207.50151626 -.00000270  00000+0  00000+0 0  9990
2 36108   0.0194  58.7403 0000376 120.0853 262.6010  1.00270472 53576
DIRECTV 12              
1 36131U 09075A   24207.63272462 -.00000105  00000+0  00000+0 0  9997
2 36131   0.0075 107.8006 0000195 299.5155  21.5547  1.00271870 39621
BEIDOU-2 G1             
1 36287U 10001A   24208.18190146 -.00000283  00000+0  00000+0 0  9996
2 36287   2.6970  58.6503 0003194 314.0460 137.5082  1.00275898 53233
RADUGA-1M 2             
1 36358U 10002A   24207.87186684 -.00000186  00000+0  00000+0 0  9995
2 36358   1.8195  88.0104 0001555  56.1961 198.6943  1.00268441 43155
SDO                     
1 36395U 10005A   24207.21021462 -.00000083  00000+0  00000+0 0  9995
2 36395  33.1990  96.9978 0001057 162.8526  17.0147  1.00268924 53093
INTELSAT 16 (IS-16)     
1 36397U 10006A   24207.78110038 -.00000246  00000+0  00000+0 0  9999
2 36397   0.0194  51.9547 0002217  97.6143 359.3692  1.00266488 52725
EWS-G2 (GOES 15)        
1 36411U 10008A   24208.16615036  .00000037  00000+0  00000+0 0  9996
2 36411   0.5125 274.4951 0005090 282.2807 228.6067  1.00276550 52706
ECHOSTAR 14             
1 36499U 10010A   24208.43741925 -.00000002  00000+0  00000+0 0  9995
2 36499   0.0164  70.1901 0001946  63.2573 209.7369  1.00270236 52619
SES-1                   
1 36516U 10016A   24206.84600817 -.00000116  00000+0  00000+0 0  9994
2 36516   0.0408 279.9750 0002552 198.1341  28.4914  1.00270953 52096
ASTRA 3B                
1 36581U 10021A   24207.83660469  .00000135  00000+0  00000+0 0  9991
2 36581   0.0342  54.4648 0004217  65.5998 148.6096  1.00273394 51943
COMSATBW-2              
1 36582U 10021B   24207.79885299  .00000086  00000+0  00000+0 0  9992
2 36582   0.0414 120.7878 0002210  13.4295 110.5305  1.00269895 52021
BEIDOU-2 G3             
1 36590U 10024A   24208.45600562 -.00000138  00000+0  00000+0 0  9995
2 36590   2.8929  61.3513 0007483 357.7891 129.2593  1.00272050 51853
BADR-5                  
1 36592U 10025A   24207.51517882  .00000143  00000+0  00000+0 0  9991
2 36592   0.0294 138.8133 0005747   6.4069   9.9615  1.00277191 46285
COMS 1                  
1 36744U 10032A   24207.96482861 -.00000348  00000+0  00000+0 0  9993
2 36744   3.0412  83.9458 0000871  55.8204 279.8442  1.00269968 51725
ARABSAT-5A              
1 36745U 10032B   24208.16005877  .00000151  00000+0  00000+0 0  9996
2 36745   0.0648  54.7179 0005100  62.8475 274.8601  1.00271124 51705
ECHOSTAR 15             
1 36792U 10034A   24206.99686828 -.00000283  00000+0  00000+0 0  9997
2 36792   0.0348 247.9459 0001928 231.7012 120.7511  1.00268448 51387
BEIDOU-2 IGSO-1         
1 36828U 10036A   24207.81123469 -.00000104  00000+0  00000+0 0  9990
2 36828  54.2583 169.2158 0041871 206.9427 327.8762  1.00270673 51275
NILESAT 201             
1 36830U 10037A   24207.29077354 -.00000060  00000+0  00000+0 0  9998
2 36830   0.0217 156.6805 0005529 348.9790 255.4830  1.00270701 51421
RASCOM-QAF 1R           
1 36831U 10037B   24207.79676444  .00000017  00000+0  00000+0 0  9990
2 36831   0.0413 102.3006 0005528  20.2429 111.1571  1.00272475 51362
AEHF-1 (USA 214)        
1 36868U 10039A   24207.79702552  .00000019  00000+0  00000+0 0  9994
2 36868   6.4760  76.8408 0004004  45.8588 112.2128  1.00268961 46724
XM-5                    
1 37185U 10053A   24206.70006993 -.00000025  00000+0  00000+0 0  9997
2 37185   0.0194  58.5555 0000659 126.2592 254.9066  1.00273909 50536
BSAT-3B                 
1 37207U 10056B   24205.97368329 -.00000351  00000+0  00000+0 0  9999
2 37207   0.0782 293.1320 0000946  45.0058  64.3976  1.00268090 45155
BEIDOU-2 G4             
1 37210U 10057A   24207.87271698 -.00000115  00000+0  00000+0 0  9995
2 37210   1.9356  69.2815 0004753 151.1842 197.7378  1.00272861 50353
SKYTERRA 1              
1 37218U 10061A   24208.50196073 -.00000121  00000+0  00000+0 0  9999
2 37218   3.6906  48.6578 0001608  90.1672 245.2255  1.00271927 50307
HYLAS 1                 
1 37237U 10065A   24208.54630929 -.00000104  00000+0  00000+0 0  9992
2 37237   3.8746  81.4449 0006357 292.8879 281.1326  1.00579952 50082
INTELSAT 17 (IS-17)     
1 37238U 10065B   24207.85882844 -.00000004  00000+0  00000+0 0  9990
2 37238   0.0080  44.4459 0002521  92.5269 182.2240  1.00271202 46303
BEIDOU-2 IGSO-2         
1 37256U 10068A   24207.63855376 -.00000193  00000+0  00000+0 0  9998
2 37256  48.8054 280.3523 0040121 215.0906 144.8166  1.00290981 49865
EUTELSAT KA-SAT 9A      
1 37258U 10069A   24207.79798275  .00000060  00000+0  00000+0 0  9994
2 37258   0.0877 281.8464 0004031 184.7118 133.6840  1.00270987 37076
HISPASAT 30W-5          
1 37264U 10070A   24207.30188522 -.00000218  00000+0  00000+0 0  9994
2 37264   0.0147 151.6158 0005697 345.2350 245.3190  1.00270714 46244
KOREASAT 6              
1 37265U 10070B   24207.64139677 -.00000364  00000+0  00000+0 0  9991
2 37265   0.0025 234.1629 0001308 281.2268 135.3300  1.00270208 49839
BEIDOU-2 IGSO-3         
1 37384U 11013A   24207.55775272 -.00000168  00000+0  00000+0 0  9990
2 37384  61.4141  46.7379 0031142 172.6244  29.4065  1.00298428 48728
INTELSAT NEW DAWN       
1 37392U 11016A   24208.51822934  .00000154  00000+0  00000+0 0  9991
2 37392   0.0145 101.9538 0001601  42.3310  19.7632  1.00272751 48593
YAHSAT 1A               
1 37393U 11016B   24206.98382476  .00000099  00000+0  00000+0 0  9991
2 37393   0.0060  17.7054 0003287 110.4529 221.6795  1.00272271 35461
SBIRS GEO-1 (USA 230)   
1 37481U 11019A   24207.80923734 -.00000006  00000+0  00000+0 0  9991
2 37481   3.0688  49.1667 0001580  77.5896 174.2534  1.00272033 48465
TELSTAR 14R             
1 37602U 11021A   24208.39910429 -.00000282  00000+0  00000+0 0  9997
2 37602   0.0307 275.2128 0002037 166.7906 303.2468  1.00271134 48865
GSAT-8                  
1 37605U 11022A   24208.52266750  .00000083  00000+0  00000+0 0  9995
2 37605   0.3378  91.1295 0003191 146.4899 310.3053  1.00272526 48312
ST-2                    
1 37606U 11022B   24207.87428036 -.00000214  00000+0  00000+0 0  9997
2 37606   0.0060 248.7227 0000181 299.3857 158.6867  1.00272633 48349
ZHONGXING-10            
1 37677U 11026A   24207.90945587 -.00000354  00000+0  00000+0 0  9993
2 37677   0.0634 259.3867 0004682 250.4145 232.1344  1.00274884 48067
SES-3                   
1 37748U 11035A   24207.47706763 -.00000103  00000+0  00000+0 0  9997
2 37748   0.0581 282.2650 0002837 204.3983 245.7399  1.00271529 47657
KAZSAT-2                
1 37749U 11035B   24207.46566854 -.00000199  00000+0  00000+0 0  9997
2 37749   0.0217 129.8539 0002344  55.2615  12.6703  1.00269938 46452
BEIDOU-2 IGSO-4         
1 37763U 11038A   24207.87527866  .00000008  00000+0  00000+0 0  9999
2 37763  54.5640 171.8312 0126540 229.0192 310.2188  1.00251544 47712
ASTRA 1N                
1 37775U 11041A   24208.51544462  .00000118  00000+0  00000+0 0  9991
2 37775   0.0542  25.9161 0004258  63.3884  60.1052  1.00271582 47479
BSAT-3C (JCSAT-110R)    
1 37776U 11041B   24207.90945586 -.00000352  00000+0  00000+0 0  9997
2 37776   0.0158 352.8860 0000635 231.5347 157.0036  1.00269680 47596
PAKSAT-1R               
1 37779U 11042A   24207.82549375  .00000152  00000+0  00000+0 0  9995
2 37779   0.0268 161.9381 0002550 295.8601 181.3390  1.00273997 47546
SES-2                   
1 37809U 11049A   24207.56426639 -.00000197  00000+0  00000+0 0  9994
2 37809   0.0422 272.4979 0002653 216.5724 290.8172  1.00271762 47028
ARABSAT-5C              
1 37810U 11049B   24206.74327635  .00000122  00000+0  00000+0 0  9998
2 37810   0.0480 358.3902 0005840 158.1505  73.9947  1.00275026 47109
EUTELSAT 7 WEST A       
1 37816U 11051A   24208.32549368 -.00000062  00000+0  00000+0 0  9996
2 37816   0.0642  28.7371 0004628 116.1816 269.4375  1.00270999 47049
QUETZSAT 1              
1 37826U 11054A   24208.20535896 -.00000243  00000+0  00000+0 0  9999
2 37826   0.0321 300.8985 0002614 190.9828 169.4126  1.00269422 47171
INTELSAT 18 (IS-18)     
1 37834U 11056A   24207.11650686  .00000051  00000+0  00000+0 0  9990
2 37834   0.0182  64.7896 0001901  64.1048  36.3565  1.00272578 46877
EUTELSAT 16A            
1 37836U 11057A   24207.83660469  .00000102  00000+0  00000+0 0  9999
2 37836   0.0672 352.2447 0005092 131.9991 136.9671  1.00274917   396
VIASAT-1                
1 37843U 11059A   24207.53258418 -.00000025  00000+0  00000+0 0  9998
2 37843   0.0193  71.4998 0001987  49.6997 259.1325  1.00266208 47347
ASIASAT 7               
1 37933U 11069A   24208.53265297 -.00000336  00000+0  00000+0 0  9998
2 37933   0.0556 252.7923 0001548 204.3948 144.7510  1.00274237 46537
BEIDOU-2 IGSO-5         
1 37948U 11073A   24207.63369422 -.00000156  00000+0  00000+0 0  9994
2 37948  48.9388 280.0431 0102515 220.6600 126.7141  1.00284747 46196
LUCH-5A                 
1 37951U 11074B   24208.56293605 -.00000054  00000+0  00000+0 0  9998
2 37951   6.9836  84.3593 0004254  46.3942 183.5307  1.00270155 46260
NIGCOMSAT 1R            
1 38014U 11077A   24207.23227635  .00000143  00000+0  00000+0 0  9993
2 38014   0.0483 112.8514 0001101 189.8811 126.7816  1.00270118 46016
FENGYUN 2F              
1 38049U 12002A   24208.03314264 -.00000360  00000+0  00000+0 0  9996
2 38049   5.6874  72.7480 0002091 124.4726 230.8625  1.00262443 45953
WGS F4 (USA 233)        
1 38070U 12003A   24208.08729931 -.00000216  00000+0  00000+0 0  9997
2 38070   0.0196  65.8104 0000267 161.8494 196.4352  1.00268389 45790
SES-4                   
1 38087U 12007A   24207.29632810 -.00000170  00000+0  00000+0 0  9999
2 38087   0.0276  52.3983 0002370  75.1240 260.6255  1.00271580 45283
BEIDOU-2 G5             
1 38091U 12008A   24208.52336368  .00000055  00000+0  00000+0 0  9992
2 38091   2.1690  71.1451 0003570 248.2158 232.3804  1.00270509 45550
MUOS-1                  
1 38093U 12009A   24208.50196028 -.00000131  00000+0  00000+0 0  9996
2 38093   4.1136  45.0520 0055364   3.7913 336.5641  1.00272235 45539
INTELSAT 22 (IS-22)     
1 38098U 12011A   24207.85327131 -.00000060  00000+0  00000+0 0  9993
2 38098   0.0037  10.8649 0001663 119.5388 192.8997  1.00270262 45126
APSTAR-7                
1 38107U 12013A   24207.85327131 -.00000104  00000+0  00000+0 0  9995
2 38107   0.0125 112.1910 0002301  17.0846 198.4327  1.00271323 44872
YAHSAT 1B               
1 38245U 12016A   24207.23382498  .00000125  00000+0  00000+0 0  9992
2 38245   0.0307  92.3314 0003287  33.3403 309.5184  1.00268564 44989
AEHF-2 (USA 235)        
1 38254U 12019A   24208.49525537 -.00000259  00000+0  00000+0 0  9996
2 38254   5.0496  61.5205 0001958 114.8866 223.3416  1.00662861 44744
JCSAT-13                
1 38331U 12023A   24207.96395840 -.00000358  00000+0  00000+0 0  9990
2 38331   0.0404 264.6761 0002748 232.9054 277.5839  1.00271242 44644
VINASAT-2               
1 38332U 12023B   24207.32159096 -.00000331  00000+0  00000+0 0  9993
2 38332   0.0409 283.1029 0002359 196.8881  71.1307  1.00269911 39728
NIMIQ 6                 
1 38342U 12026A   24208.20745074 -.00000176  00000+0  00000+0 0  9999
2 38342   0.0424 254.0258 0001996 230.5923 163.3355  1.00271651 44666
ZHONGXING-2A            
1 38352U 12028A   24207.84460793 -.00000295  00000+0  00000+0 0  9995
2 38352   0.0504 246.6979 0002474 122.5484 337.0885  1.00271374 44443
INTELSAT 19 (IS-19)     
1 38356U 12030A   24207.75769128 -.00000059  00000+0  00000+0 0  9994
2 38356   0.0190  57.9403 0003221  78.7904 245.9732  1.00271011 43505
ECHOSTAR 17             
1 38551U 12035A   24207.35105391 -.00000076  00000+0  00000+0 0  9997
2 38551   0.0196  65.7709 0002035  73.3742 183.6661  1.00267720 44127
METEOSAT-10 (MSG-3)     
1 38552U 12035B   24208.32549368 -.00000009  00000+0  00000+0 0  9998
2 38552   3.0511  61.2551 0000166 204.0486 156.4126  1.00273291 44291
SES-5                   
1 38652U 12036A   24207.58254115  .00000031  00000+0  00000+0 0  9994
2 38652   0.0701 288.4396 0002114 195.3895  34.6252  1.00270165 37556
INTELSAT 20 (IS-20)     
1 38740U 12043A   24208.16762976 -.00000027  00000+0  00000+0 0  9990
2 38740   0.0129  82.6716 0000601  91.7825 258.7247  1.00273877 43901
HYLAS 2                 
1 38741U 12043B   24208.19632830 -.00000264  00000+0  00000+0 0  9992
2 38741   0.6351  89.8387 0001400  69.0567 358.6624  1.00270442 43923
INTELSAT 21 (IS-21)     
1 38749U 12045A   24208.35327118 -.00000287  00000+0  00000+0 0  9995
2 38749   0.0167  66.2529 0001783  84.5050 222.9383  1.00267459 43716
ASTRA 2F                
1 38778U 12051A   24207.30096660  .00000148  00000+0  00000+0 0  9998
2 38778   0.1085 258.8549 0003369 285.8523 255.3423  1.00275824 34183
GSAT-10                 
1 38779U 12051B   24207.03452078 -.00000167  00000+0  00000+0 0  9990
2 38779   0.0626 259.4779 0000416 111.3978  27.7885  1.00270676 43164
INTELSAT 23 (IS-23)     
1 38867U 12057A   24206.30605045 -.00000286  00000+0  00000+0 0  9999
2 38867   0.0148 210.3427 0000635 188.9016 320.4697  1.00270705 42990
BEIDOU-2 G6             
1 38953U 12059A   24208.09909574 -.00000178  00000+0  00000+0 0  9999
2 38953   2.6561  80.2402 0008417 319.2524  24.4457  1.00273466 43116
LUCH-5B                 
1 38977U 12061A   24207.98869062 -.00000141  00000+0  00000+0 0  9992
2 38977   8.9711  56.3631 0005408 110.8205 116.6637  1.00270877 43245
YAMAL 300K              
1 38978U 12061B   24207.42272118  .00000067  00000+0  00000+0 0  9998
2 38978   0.0135  21.3153 0001076 212.9177  44.4954  1.00255615 42690
STAR ONE C3             
1 38991U 12062A   24208.20535896 -.00000251  00000+0  00000+0 0  9992
2 38991   0.0209  83.2360 0002407  62.1014 157.9671  1.00270487 42924
EUTELSAT 21B            
1 38992U 12062B   24208.17132587  .00000128  00000+0  00000+0 0  9991
2 38992   0.0673 353.0034 0002973 129.0256 265.6172  1.00268354 42940
ECHOSTAR 16             
1 39008U 12065A   24206.42454809 -.00000283  00000+0  00000+0 0  9996
2 39008   0.0176  65.8134 0001923  63.5962 264.5513  1.00269958 42674
ZHONGXING-12            
1 39017U 12067A   24207.87428046 -.00000208  00000+0  00000+0 0  9999
2 39017   0.0137 111.3141 0002824  18.2816 216.6684  1.00269676 42575
EUTELSAT 70B            
1 39020U 12069A   24207.85327131 -.00000045  00000+0  00000+0 0  9995
2 39020   0.0630 352.0509 0003509 134.6042 195.0399  1.00271169 42577
YAMAL 402               
1 39022U 12070A   24207.86438302  .00000084  00000+0  00000+0 0  9995
2 39022   0.0202 118.0672 0003719  12.6938 179.3447  1.00271876 42469
SKYNET 5D               
1 39034U 12075A   24208.16449694  .00000097  00000+0  00000+0 0  9997
2 39034   0.0685 349.7319 0003668 150.8595 275.7441  1.00275869 42590
MEXSAT 3                
1 39035U 12075B   24207.70186031 -.00000027  00000+0  00000+0 0  9994
2 39035   0.0148  77.7234 0001330  56.9621 307.0656  1.00270664   116
TDRS 11                 
1 39070U 13004A   24208.19573937  .00000076  00000+0  00000+0 0  9998
2 39070   2.7642  13.0361 0005811  58.8642 128.4987  1.00271927 42053
AMAZONAS 3              
1 39078U 13006A   24207.26160455 -.00000284  00000+0  00000+0 0  9994
2 39078   0.0595 247.6000 0004091 278.0184 170.9992  1.00269372 37963
AZERSPACE 1             
1 39079U 13006B   24208.16310458  .00000131  00000+0  00000+0 0  9995
2 39079   0.0301 257.7684 0002411 255.1478 256.1164  1.00271877 42007
SBIRS GEO-2 (USA 241)   
1 39120U 13011A   24207.78867133 -.00000259  00000+0  00000+0 0  9994
2 39120   3.0524  47.8256 0001622  78.4106  63.6488  1.00271295 41603
EUTELSAT 117 WEST A     
1 39122U 13012A   24207.62985286 -.00000014  00000+0  00000+0 0  9999
2 39122   0.0092   3.9938 0002954 127.6152 282.1411  1.00271110 41496
ANIK G1                 
1 39127U 13014A   24208.13264664 -.00000076  00000+0  00000+0 0  9991
2 39127   0.0562 261.7325 0001289 262.6801  80.3464  1.00271328 41316
ZHONGXING-11            
1 39157U 13020A   24208.52459435 -.00000292  00000+0  00000+0 0  9996
2 39157   0.0294 278.0871 0001685  43.4291 269.9485  1.00270541 41220
EUTELSAT 7B             
1 39163U 13022A   24207.79763466  .00000046  00000+0  00000+0 0  9991
2 39163   0.0656 359.4044 0002942  46.5910 192.1133  1.00271682 41037
WGS F5 (USA 243)        
1 39168U 13024A   24208.50099887 -.00000286  00000+0  00000+0 0  9994
2 39168   0.0177  80.1806 0000286 150.8785 201.4765  1.00269593 40900
SES-6                   
1 39172U 13026A   24208.43216142 -.00000263  00000+0  00000+0 0  9993
2 39172   0.0192  42.4961 0001856  95.0005 282.1839  1.00269881 40799
IRNSS-1A                
1 39199U 13034A   24207.71785333  .00000064  00000+0  00000+0 0  9992
2 39199  34.1623  73.8850 0018943 177.9631   5.5946  1.00271965 40433
MUOS-2                  
1 39206U 13036A   24208.11876285  .00000062  00000+0  00000+0 0  9993
2 39206   3.6901  41.0931 0052996 176.0769 312.8397  1.00271537 40379
ALPHASAT                
1 39215U 13038A   24208.15892748  .00000131  00000+0  00000+0 0  9998
2 39215   2.8950   7.1824 0002734 145.4640 233.7603  1.00270390 40345
INSAT-3D                
1 39216U 13038B   24208.03357775 -.00000361  00000+0  00000+0 0  9998
2 39216   0.1321  95.5259 0001282  90.0545 245.3037  1.00560829 40370
WGS F6 (USA 244)        
1 39222U 13041A   24208.48367684  .00000087  00000+0  00000+0 0  9992
2 39222   0.0162  89.4670 0000283 144.8694 109.2276  1.00271257 40132
ES'HAIL 1               
1 39233U 13044A   24207.80127767  .00000141  00000+0  00000+0 0  9999
2 39233   0.0477  15.7544 0002129 100.9534 141.1697  1.00271917 39696
GSAT-7                  
1 39234U 13044B   24207.09544740 -.00000079  00000+0  00000+0 0  9996
2 39234   0.0736  91.5063 0006074 170.2931 149.8445  1.00270536 38384
AMOS-4                  
1 39237U 13045A   24208.16693356  .00000006  00000+0  00000+0 0  9996
2 39237   0.0066 226.6683 0000899 219.4633 343.3012  1.00271388 39968
AEHF-3 (USA 246)        
1 39256U 13050A   24207.76543630  .00000130  00000+0  00000+0 0  9995
2 39256   3.5710  72.6114 0047487 177.3184 174.4993  1.00269275 38735
ASTRA 2E                
1 39285U 13056A   24207.83105071  .00000148  00000+0  00000+0 0  9993
2 39285   0.0559 354.3789 0002529 129.8276 147.4376  1.00273456 39495
FM-6                    
1 39360U 13058A   24207.34646281 -.00000019  00000+0  00000+0 0  9996
2 39360   0.0127  40.2259 0000317 355.9823 275.8799  1.00273691 39122
RADUGA-1M 3             
1 39375U 13062A   24207.30235896  .00000151  00000+0  00000+0 0  9995
2 39375   4.1883  80.8188 0003950 244.6895 121.8234  1.00271888 39177
SES-8                   
1 39460U 13071A   24207.31428106 -.00000272  00000+0  00000+0 0  9994
2 39460   0.0590 260.4267 0002838 205.8827  45.3267  1.00276242 37492
INMARSAT 5-F1           
1 39476U 13073A   24206.37753081  .00000027  00000+0  00000+0 0  9998
2 39476   0.0181  64.9012 0000595  94.8527 341.3317  1.00270764 38647
TKSAT-1 (TUPAC KATARI)  
1 39481U 13075A   24207.63577042 -.00000196  00000+0  00000+0 0  9995
2 39481   0.0191 140.4819 0002394 344.4334 320.5617  1.00269684 38650
EXPRESS-AM5             
1 39487U 13077A   24207.65143275 -.00000283  00000+0  00000+0 0  9999
2 39487   0.0157  75.5605 0000415 171.4524  71.3626  1.00269345 39421
GSAT-14                 
1 39498U 14001A   24207.02384529 -.00000079  00000+0  00000+0 0  9992
2 39498   0.0705 262.2364 0002656 324.9406 158.5962  1.00270652 38447
THAICOM 6               
1 39500U 14002A   24208.16963128 -.00000124  00000+0  00000+0 0  9992
2 39500   0.0299 130.2745 0004522  23.6043 290.0652  1.00273221 38599
TDRS 12                 
1 39504U 14004A   24207.78806219 -.00000272  00000+0  00000+0 0  9996
2 39504   3.5563   4.3223 0004636 193.8759 348.6072  1.00270605 37348
ABS-2                   
1 39508U 14006A   24207.85327131 -.00000088  00000+0  00000+0 0  9996
2 39508   0.0154  73.9016 0003659  61.7188 190.5072  1.00270929 38349
ATHENA-FIDUS            
1 39509U 14006B   24207.82549375  .00000152  00000+0  00000+0 0  9991
2 39509   0.0193 119.0003 0001071  17.1724 142.7901  1.00271612 38146
TURKSAT 4A              
1 39522U 14007A   24207.82549375  .00000144  00000+0  00000+0 0  9998
2 39522   0.0596 257.3483 0001826 287.5800  98.2309  1.00269892 38045
EXPRESS-AT1             
1 39612U 14010A   24208.52284154  .00000077  00000+0  00000+0 0  9996
2 39612   0.0120  37.0262 0000120  59.0810  92.7949  1.00271556 38123
EXPRESS-AT2             
1 39613U 14010B   24208.19632830 -.00000283  00000+0  00000+0 0  9998
2 39613   0.0137 349.0300 0000356  45.2056 120.6525  1.00272112 37951
AMAZONAS 4A             
1 39616U 14011A   24208.49699583 -.00000255  00000+0  00000+0 0  9992
2 39616   0.0734 131.7981 0003058 352.4705 285.3063  1.00273051 37942
ASTRA 5B                
1 39617U 14011B   24208.51640186  .00000135  00000+0  00000+0 0  9997
2 39617   0.0705 304.2365 0001923 184.5172  25.2883  1.00271900 37947
IRNSS-1B                
1 39635U 14017A   24207.70674463  .00000120  00000+0  00000+0 0  9992
2 39635  28.9105 252.1720 0021992 189.2142 171.9967  1.00274002 37862
LUCH-5V                 
1 39727U 14023A   24207.84024277 -.00000271  00000+0  00000+0 0  9996
2 39727   3.3906  75.7896 0002807 100.1844 165.2454  1.00268084 37420
KAZSAT-3                
1 39728U 14023B   24207.24563216  .00000059  00000+0  00000+0 0  9995
2 39728   0.0210  95.5082 0000255 109.2877 245.5680  1.00270190 35502
EUTELSAT 3B             
1 39773U 14030A   24207.79685146  .00000018  00000+0  00000+0 0  9995
2 39773   0.0622 352.3214 0004234 151.2242  90.3921  1.00269545 37131
ASIASAT 8 (AMOS-7)      
1 40107U 14046A   24208.13591302 -.00000034  00000+0  00000+0 0  9993
2 40107   0.0491 266.1568 0001982 207.1248 236.0625  1.00276933 36572
ASIASAT 6               
1 40141U 14052A   24207.89279080 -.00000364  00000+0  00000+0 0  9992
2 40141   0.0512 251.2833 0000883 249.0428 245.0424  1.00267908 36139
OPTUS 10                
1 40146U 14054A   24208.35118941 -.00000149  00000+0  00000+0 0  9990
2 40146   0.0557  62.8471 0003254  88.0576  76.0405  1.00271262 36192
MEASAT-3B               
1 40147U 14054B   24207.87527890 -.00000243  00000+0  00000+0 0  9999
2 40147   0.0302  36.3153 0002547 105.4962 208.8169  1.00269954 35984
LUCH (OLYMP-K 1)        
1 40258U 14058A   24207.94575630 -.00000143  00000+0  00000+0 0  9998
2 40258   0.1506  96.6734 0002925 284.2706 245.5311  1.00273642 34064
HIMAWARI-8              
1 40267U 14060A   24207.86476866 -.00000278  00000+0  00000+0 0  9992
2 40267   0.0491 230.1605 0001090 282.1633 243.6880  1.00269247 35827
IRNSS-1C                
1 40269U 14061A   24208.09892169 -.00000165  00000+0  00000+0 0  9994
2 40269   4.7651 103.7859 0021681   9.6756 309.4526  1.00270377 35891
INTELSAT 30 (IS-30)     
1 40271U 14062A   24206.48413689 -.00000152  00000+0  00000+0 0  9991
2 40271   0.0099  38.6938 0001836 322.6755  20.5423  1.00270821   231
ARSAT 1                 
1 40272U 14062B   24206.64322978 -.00000261  00000+0  00000+0 0  9991
2 40272   0.0425 280.7305 0001707 205.7668 336.0914  1.00269975 35678
EXPRESS-AM6             
1 40277U 14064A   24208.16449694  .00000096  00000+0  00000+0 0  9997
2 40277   0.0145  70.9789 0001092 110.5416 235.0330  1.00270649 35746
GSAT-16                 
1 40332U 14078A   24207.86438302  .00000083  00000+0  00000+0 0  9990
2 40332   0.0209 100.0659 0007333 357.9301 212.2929  1.00270094 35176
DIRECTV 14              
1 40333U 14078B   24207.56182975 -.00000127  00000+0  00000+0 0  9990
2 40333   0.0271 300.2205 0000217 104.3460   2.2074  1.00270094 35124
YAMAL 401               
1 40345U 14082A   24207.63275627 -.00000230  00000+0  00000+0 0  9998
2 40345   0.0145  72.6515 0000561 211.6642 337.2354  1.00268606 34988
ASTRA 2G                
1 40364U 14089A   24207.83105071  .00000148  00000+0  00000+0 0  9990
2 40364   0.0433 352.1675 0004191  92.1393 187.0392  1.00271764 35039
FENGYUN 2G              
1 40367U 14090A   24207.75852848 -.00000306  00000+0  00000+0 0  9994
2 40367   3.8863  81.1040 0002937 137.6596  97.7818  1.00274931 35063
MUOS-3                  
1 40374U 15002A   24208.15100841 -.00000131  00000+0  00000+0 0  9996
2 40374   3.2984  35.9868 0057370 175.8513 131.3672  1.00272261 34884
INMARSAT 5-F2           
1 40384U 15005A   24206.06802285 -.00000286  00000+0  00000+0 0  9990
2 40384   0.0190  58.3919 0000535 140.2991  73.0585  1.00268803 34042
ABS-3A                  
1 40424U 15010A   24207.27966088 -.00000028  00000+0  00000+0 0  9991
2 40424   0.0157  54.6134 0001704 339.2085   7.3415  1.00270922 34431
EUTELSAT 115 WEST B     
1 40425U 15010B   24206.45605003 -.00000027  00000+0  00000+0 0  9997
2 40425   0.0129 245.3979 0000240 243.1963 223.3343  1.00273893 34484
EXPRESS-AM7             
1 40505U 15012A   24206.87402944  .00000149  00000+0  00000+0 0  9997
2 40505   0.0133  57.0335 0002849  80.4860 160.2265  1.00275777 34066
IRNSS-1D                
1 40547U 15018A   24208.03322966 -.00000270  00000+0  00000+0 0  9990
2 40547  27.4101 252.0340 0021636 195.5213 340.5802  1.00270660 34312
BEIDOU-3S IGSO-1S       
1 40549U 15019A   24207.75642212 -.00000176  00000+0  00000+0 0  9995
2 40549  50.4998 303.7387 0036249 194.5898 171.0951  1.00296691 34148
THOR 7                  
1 40613U 15022A   24206.27444388 -.00000010  00000+0  00000+0 0  9998
2 40613   0.0136 105.8835 0002717  20.0885 274.6523  1.00269263 33864
TURKMENALEM52E/MONACOSAT
1 40617U 15023A   24207.49493978  .00000101  00000+0  00000+0 0  9997
2 40617   0.0174  78.1810 0002174  62.1061  33.6019  1.00274072 33918
DIRECTV 15              
1 40663U 15026A   24206.55914947 -.00000103  00000+0  00000+0 0  9994
2 40663   0.0188  85.3898 0000422 105.6530 210.1323  1.00270073 33522
SKY MEXICO-1            
1 40664U 15026B   24206.71924014 -.00000236  00000+0  00000+0 0  9996
2 40664   0.0133  68.5826 0002122  65.4979 348.9942  1.00269760 33513
METEOSAT-11 (MSG-4)     
1 40732U 15034A   24208.22737894  .00000060  00000+0  00000+0 0  9991
2 40732   1.4772  69.9058 0001437 161.2819 164.3268  1.00274990 33085
STAR ONE C4             
1 40733U 15034B   24205.56419253 -.00000265  00000+0  00000+0 0  9990
2 40733   0.0370 318.7992 0001408 151.3640 324.7271  1.00269927 33065
WGS F7 (USA 263)        
1 40746U 15036A   24207.47165149  .00000016  00000+0  00000+0 0  9993
2 40746   0.0133  34.1675 0000278  77.6019 176.6726  1.00271725 32930
INTELSAT 34 (IS-34)     
1 40874U 15039A   24207.78519043 -.00000287  00000+0  00000+0 0  9999
2 40874   0.0252 355.1157 0001087  17.1600 158.8492  1.00268491 32690
EUTELSAT 8 WEST B       
1 40875U 15039B   24207.29077354 -.00000067  00000+0  00000+0 0  9996
2 40875   0.0659 350.0994 0003334 128.5011 281.5718  1.00272811 32703
GSAT-6                  
1 40880U 15041A   24208.17041447 -.00000162  00000+0  00000+0 0  9993
2 40880   0.1261  96.6215 0002959  35.4462 316.1221  1.00273034 32663
INMARSAT 5-F3           
1 40882U 15042A   24206.42827153  .00000048  00000+0  00000+0 0  9990
2 40882   0.0190  62.5175 0000257  60.7956 153.0796  1.00270009 32619
MUOS-4                  
1 40887U 15044A   24207.81097779 -.00000095  00000+0  00000+0 0  9997
2 40887   3.1572  33.0423 0055211   3.0848 274.8340  1.00270707 32624
TJS-1                   
1 40892U 15046A   24208.54610793 -.00000158  00000+0  00000+0 0  9993
2 40892   0.0521 230.5343 0001467 151.2883 274.4235  1.00273516 32624
EXPRESS-AM8             
1 40895U 15048A   24208.33105080 -.00000114  00000+0  00000+0 0  9995
2 40895   0.0100  11.9072 0000087  56.6639 341.1045  1.00271533 32453
BEIDOU-3S IGSO-2S       
1 40938U 15053A   24207.63255654 -.00000102  00000+0  00000+0 0  9991
2 40938  50.2959 266.9563 0053753 191.6370 166.1577  1.00253686 32417
SKY MUSTER 1 (NBN1A)    
1 40940U 15054A   24207.60940252 -.00000281  00000+0  00000+0 0  9995
2 40940   0.0156  64.8807 0001808  63.3410 175.1982  1.00267750 32329
ARSAT 2                 
1 40941U 15054B   24206.84992420 -.00000226  00000+0  00000+0 0  9994
2 40941   0.0363 293.5121 0002027 183.9688  50.5262  1.00270208 32374
MORELOS 3               
1 40946U 15056A   24208.49498997 -.00000044  00000+0  00000+0 0  9992
2 40946   3.0091 353.4300 0002251 184.8336 191.4896  1.00271746 32358
APSTAR-9                
1 40982U 15059A   24208.47688432 -.00000268  00000+0  00000+0 0  9996
2 40982   0.0449 261.1947 0002916 283.9795  73.1438  1.00272945 32228
TURKSAT 4B              
1 40984U 15060A   24207.49493978  .00000113  00000+0  00000+0 0  9998
2 40984   0.0400  87.2295 0004133  21.3487  63.2314  1.00269840 32161
ZHONGXING-2C            
1 41021U 15063A   24207.63643187 -.00000325  00000+0  00000+0 0  9995
2 41021   0.0370 128.7674 0003752 341.8510 165.6747  1.00266653 32060
GSAT-15                 
1 41028U 15065A   24207.84013554 -.00000260  00000+0  00000+0 0  9994
2 41028   0.0739 270.3098 0003598 188.9349 240.7320  1.00270316 31868
BADR-7 (ARABSAT-6B)     
1 41029U 15065B   24208.51692400  .00000143  00000+0  00000+0 0  9992
2 41029   0.0481 223.9246 0004857 346.2938 306.5300  1.00271797 31980
LAOSAT 1                
1 41034U 15067A   24208.48456302 -.00000345  00000+0  00000+0 0  9990
2 41034   0.0121 246.0676 0002429 190.2710 171.2422  1.00268854 31913
TELSTAR 12V             
1 41036U 15068A   24208.14146714 -.00000121  00000+0  00000+0 0  9991
2 41036   0.0146  62.7490 0002274  80.8158 196.6819  1.00269785 31800
ELEKTRO-L 2             
1 41105U 15074A   24208.18791483 -.00000121  00000+0  00000+0 0  9998
2 41105   4.9384  79.0100 0001533 146.4343 132.0636  1.00272035 31583
COSMOS 2513             
1 41121U 15075A   24207.74063483 -.00000140  00000+0  00000+0 0  9991
2 41121   0.0562 109.3927 0002304 341.5506 199.8440  1.00271374 31608
EXPRESS-AMU1            
1 41191U 15082A   24208.51892552  .00000154  00000+0  00000+0 0  9993
2 41191   0.0165  72.5445 0002463  56.9293  38.0957  1.00270862 31581
GAOFEN-4                
1 41194U 15083A   24208.53274000 -.00000336  00000+0  00000+0 0  9994
2 41194   0.0498 238.8629 0000746 221.0030 142.2949  1.00267902 31568
BELINTERSAT-1           
1 41238U 16001A   24208.16423587  .00000105  00000+0  00000+0 0  9992
2 41238   0.0152  83.7036 0000969 338.5012 352.7615  1.00272602 31307
IRNSS-1E                
1 41241U 16003A   24207.63441663 -.00000308  00000+0  00000+0 0  9990
2 41241  31.7163  72.9041 0018615 177.4292  33.6830  1.00271463 31147
EUTELSAT 9B             
1 41310U 16005A   24206.36700108  .00000061  00000+0  00000+0 0  9995
2 41310   0.0158  30.9873 0001915 134.1997 278.5123  1.00275371 31171
SES-9                   
1 41380U 16013A   24206.69940252 -.00000347  00000+0  00000+0 0  9991
2 41380   0.0478 263.2192 0002307 202.5129 197.2391  1.00269842 30495
EUTELSAT 65 WEST A      
1 41382U 16014A   24208.49873628 -.00000278  00000+0  00000+0 0  9999
2 41382   0.0664 317.5013 0002111 169.2237 292.2879  1.00270248 30726
IRNSS-1F                
1 41384U 16015A   24208.07341189  .00000155  00000+0  00000+0 0  9991
2 41384   3.6593 116.3700 0018304 179.0393  67.7521  1.00266817 30736
BEIDOU-2 IGSO-6         
1 41434U 16021A   24208.52184257 -.00000149  00000+0  00000+0 0  9999
2 41434  59.2349  44.9477 0048167 221.1929 320.9656  1.00263185 30546
IRNSS-1G                
1 41469U 16027A   24208.03662354 -.00000338  00000+0  00000+0 0  9998
2 41469   3.5281 117.5693 0005597 342.4041 346.8192  1.00279124 30249
JCSAT-2B                
1 41471U 16028A   24207.87271698 -.00000168  00000+0  00000+0 0  9991
2 41471   0.0197  67.9353 0001030  60.4846 283.8052  1.00269912 30181
THAICOM 8               
1 41552U 16031A   24208.49216149 -.00000124  00000+0  00000+0 0  9996
2 41552   0.0721  53.1917 0002047  46.1880 100.9718  1.00272834 29852
INTELSAT 31 (IS-31)     
1 41581U 16035A   24206.66666667 -.00000152  00000+0  00000+0 0  9994
2 41581   0.0125 112.5670 0001017  57.5664 277.6834  1.00270428 29746
BEIDOU-2 G7             
1 41586U 16037A   24208.53369725 -.00000356  00000+0  00000+0 0  9990
2 41586   1.9993  70.0704 0008073   7.5572 169.7044  1.00267240 29856
ABS-2A (MONGOLSAT-1)    
1 41588U 16038A   24207.24007800 -.00000086  00000+0  00000+0 0  9993
2 41588   0.0097  54.7646 0001724  26.9087  22.8952  1.00269209 29774
EUTELSAT 117 WEST B     
1 41589U 16038B   24206.91423392 -.00000013  00000+0  00000+0 0  9995
2 41589   0.0027 128.5964 0000092 199.1521 187.4800  1.00272272 29734
BRISAT                  
1 41591U 16039A   24206.67688332 -.00000199  00000+0  00000+0 0  9994
2 41591   0.0175  61.2449 0002105  61.2178 214.5836  1.00269473 29668
ECHOSTAR 18             
1 41592U 16039B   24206.42454809 -.00000283  00000+0  00000+0 0  9992
2 41592   0.0196  58.1579 0001712  66.5527 269.3981  1.00272564 29675
MUOS-5                  
1 41622U 16041A   24208.49941656 -.00000124  00000+0  00000+0 0  9993
2 41622   3.7875 296.8386 0197921 252.6774 189.8613  1.00271212 30141
TIANTONG-1 1            
1 41725U 16048A   24208.10257664 -.00000320  00000+0  00000+0 0  9999
2 41725   2.6825  30.8302 0001591  46.3949   5.3575  1.00268116 29338
JCSAT-16                
1 41729U 16050A   24206.52903738 -.00000253  00000+0  00000+0 0  9995
2 41729   0.0178  64.1745 0002017  47.2779 165.6678  1.00270084 29129
USA 270                 
1 41744U 16052A   24204.92966122 -.00000340  00000+0  00000+0 0  9999
2 41744   2.4069  86.0904 0001097 150.0718 150.8989  1.00110616 21165
USA 271                 
1 41745U 16052B   24184.40020501  .00000108  00000+0  00000+0 0  9993
2 41745   2.3307  86.3717 0000991  89.3017  94.2637  0.99807590 20759
INTELSAT 36 (IS-36)     
1 41747U 16053A   24207.04007675 -.00000026  00000+0  00000+0 0  9999
2 41747   0.0117  46.2200 0002720 323.1455  16.7873  1.00270653 29009
INTELSAT 33E (IS-33E)   
1 41748U 16053B   24208.16588929  .00000047  00000+0  00000+0 0  9992
2 41748   0.0138  60.0542 0002069  89.9867 274.0202  1.00273176 29295
INSAT-3DR               
1 41752U 16054A   24207.85327131 -.00000079  00000+0  00000+0 0  9995
2 41752   0.1037  92.5396 0010636 171.3570  61.2888  1.00270900 28884
GSAT-18                 
1 41793U 16060A   24205.88938326 -.00000077  00000+0  00000+0 0  9990
2 41793   0.0243  77.1600 0002427  48.6586 210.4511  1.00268407 28572
SKY MUSTER 2 (NBN1B)    
1 41794U 16060B   24207.63741542 -.00000247  00000+0  00000+0 0  9997
2 41794   0.0234  78.3083 0001520  52.3780 187.4126  1.00267899 28649
HIMAWARI-9              
1 41836U 16064A   24207.87827404 -.00000277  00000+0  00000+0 0  9999
2 41836   0.0327 186.9030 0000969 307.3547 266.7342  1.00270871 28271
SHIJIAN-17 (SJ-17)      
1 41838U 16065A   24207.82056970 -.00000033  00000+0  00000+0 0  9999
2 41838   3.9836  80.9677 0001730 295.9463  31.7571  1.00271135 28274
GOES 16                 
1 41866U 16071A   24208.20535896 -.00000250  00000+0  00000+0 0  9990
2 41866   0.0814 256.6684 0000335 243.0187 163.4168  1.00270840 28161
TIANLIAN 1-04           
1 41869U 16072A   24208.11754454  .00000029  00000+0  00000+0 0  9990
2 41869   0.0889 262.5705 0036374 251.0968   9.7351  1.00269918 28377
WGS F8 (USA 272)        
1 41879U 16075A   24208.00674524 -.00000205  00000+0  00000+0 0  9998
2 41879   0.0165  44.1240 0000133  99.9024 312.3726  1.00270387 27997
FENGYUN 4A              
1 41882U 16077A   24208.02800830 -.00000198  00000+0  00000+0 0  9998
2 41882   0.5530  86.1177 0008126 346.1814 328.4223  1.00265751 28058
ECHOSTAR 19             
1 41893U 16079A   24206.40465943 -.00000139  00000+0  00000+0 0  9999
2 41893   0.0162  75.7146 0001528  48.7423 226.7237  1.00270589 27752
JCSAT-110A (JCSAT-15)   
1 41903U 16082A   24207.90945587 -.00000353  00000+0  00000+0 0  9996
2 41903   0.0187  72.1911 0000739  78.5090 230.8509  1.00269832 27821
STAR ONE D1             
1 41904U 16082B   24207.56487554 -.00000213  00000+0  00000+0 0  9999
2 41904   0.0204  64.3194 0001540  47.5167 311.2764  1.00272006 27835
TJS-2                   
1 41911U 17001A   24208.16710762 -.00000008  00000+0  00000+0 0  9998
2 41911   0.1108 264.4314 0001113 195.1463 331.4606  1.00268837 27790
SBIRS GEO-4 (USA 273)   
1 41937U 17004A   24208.50429696 -.00000146  00000+0  00000+0 0  9993
2 41937   1.4146   2.1888 0001856 129.3867 257.8390  1.00270964 27670
HISPASAT 36W-1          
1 41942U 17006A   24208.15952065 -.00000246  00000+0  00000+0 0  9994
2 41942   0.0324 270.0802 0001153 215.6132 200.0220  1.00276064 27607
TELKOM 3S               
1 41944U 17007A   24208.24887352 -.00000365  00000+0  00000+0 0  9995
2 41944   0.0089  33.0558 0002187  93.8732  25.0662  1.00268306 27281
INTELSAT 32E (IS-32E)   
1 41945U 17007B   24206.71434164 -.00000271  00000+0  00000+0 0  9991
2 41945   0.0156  71.7562 0000339 325.8231 119.2947  1.00268118 27283
ECHOSTAR 23             
1 42070U 17014A   24206.39910781 -.00000058  00000+0  00000+0 0  9990
2 42070   0.0186  62.0749 0002001  60.4493 213.8547  1.00270835 26977
WGS F9 (USA 275)        
1 42075U 17016A   24208.14146714 -.00000099  00000+0  00000+0 0  9994
2 42075   0.0112  53.4038 0000492 146.2081 143.6269  1.00270768 26992
SES-10                  
1 42432U 17017A   24205.77951666 -.00000273  00000+0  00000+0 0  9992
2 42432   0.0170  57.3309 0002522  58.1875  40.1953  1.00270002 26795
CHINASAT 16 (SJ-13)     
1 42662U 17018A   24205.73243906 -.00000353  00000+0  00000+0 0  9994
2 42662   0.0449  92.9387 0004574 127.3454  95.8904  1.00271740 26783
KOREASAT 7              
1 42691U 17023A   24205.88734212 -.00000363  00000+0  00000+0 0  9994
2 42691   0.0240  17.3841 0000881 204.7467 155.3099  1.00270108 26426
SGDC                    
1 42692U 17023B   24208.36205376 -.00000251  00000+0  00000+0 0  9991
2 42692   0.0107  69.2597 0002272  67.0856 223.6619  1.00269756 26526
GSAT-9                  
1 42695U 17024A   24207.84313293 -.00000288  00000+0  00000+0 0  9995
2 42695   0.1049 267.5223 0001999 220.4771 216.8567  1.00270749 26373
INMARSAT 5-F4           
1 42698U 17025A   24206.59065164  .00000074  00000+0  00000+0 0  9993
2 42698   0.0183  71.0662 0000286  95.8803  44.9712  1.00270120 26338
SES-15                  
1 42709U 17026A   24205.55244448  .00000059  00000+0  00000+0 0  9999
2 42709   0.0162  37.9260 0000889  98.9851 234.6017  1.00276077   480
QZS-2 (MICHIBIKI-2)     
1 42738U 17028A   24208.46532955 -.00000123  00000+0  00000+0 0  9992
2 42738  40.5114 253.1941 0755771 269.6809  91.0980  1.00274113 26204
VIASAT-2                
1 42740U 17029A   24207.99684201 -.00000267  00000+0  00000+0 0  9994
2 42740   0.0160  85.5720 0000221  91.0017  56.5357  1.00270515 26242
EUTELSAT 172B           
1 42741U 17029B   24208.11646385 -.00000008  00000+0  00000+0 0  9994
2 42741   0.0123 126.8775 0000184 123.4438 267.8840  1.00272602 26788
GSAT-19                 
1 42747U 17031A   24205.94538619  .00000124  00000+0  00000+0 0  9999
2 42747   0.0228  91.5007 0005798 358.6184 240.2356  1.00271390 26186
ECHOSTAR 21             
1 42749U 17032A   24207.79824382  .00000065  00000+0  00000+0 0  9996
2 42749   2.4658 321.0570 0002356 168.3099 112.2232  1.00271933 26178
BULGARIASAT-1           
1 42801U 17038A   24207.58193198  .00000009  00000+0  00000+0 0  9990
2 42801   0.0364  79.1635 0002540  49.1272  26.8815  1.00273337 25909
HELLAS-SAT 3            
1 42814U 17040A   24206.58760587  .00000150  00000+0  00000+0 0  9995
2 42814   0.0584  22.6135 0003510  54.1226 116.6094  1.00274205 25865
GSAT-17                 
1 42815U 17040B   24206.38379644 -.00000259  00000+0  00000+0 0  9995
2 42815   0.0410 240.7423 0001836  12.4275 281.0710  1.00271108 25925
INTELSAT 35E (IS-35E)   
1 42818U 17041A   24208.40869756 -.00000240  00000+0  00000+0 0  9992
2 42818   0.0140  76.4860 0001188  56.9994 283.7041  1.00273184 25885
COSMOS 2520             
1 42907U 17046A   24205.97148222  .00000136  00000+0  00000+0 0  9996
2 42907   0.0311 107.6845 0000418  27.4591 201.7316  1.00267877 25444
TDRS 13                 
1 42915U 17047A   24208.15153056 -.00000100  00000+0  00000+0 0  9992
2 42915   3.6100 345.4588 0017508 121.5773 240.4012  1.00271366 25452
QZS-3 (MICHIBIKI-3)     
1 42917U 17048A   24208.53700411 -.00000350  00000+0  00000+0 0  9997
2 42917   0.0601 172.1695 0001407 317.0487 135.7938  1.00275328 25444
AMAZONAS 5              
1 42934U 17053A   24193.00000000 -.00000277  00000+0  00000+0 0  9992
2 42934   0.0302 346.3905 0001234  81.8868 160.1329  1.00278438 25044
ASIASAT 9               
1 42942U 17057A   24207.92105988 -.00000362  00000+0  00000+0 0  9998
2 42942   0.0148  62.7025 0002217  48.4520 286.6239  1.00269952 24920
INTELSAT 37E (IS-37E)   
1 42950U 17059A   24208.43658096 -.00000143  00000+0  00000+0 0  9996
2 42950   0.0222  76.9339 0002672  65.7734 301.0635  1.00270021 25125
BSAT-4A                 
1 42951U 17059B   24208.03270752 -.00000352  00000+0  00000+0 0  9994
2 42951   0.0506  59.8165 0003033  25.6350 340.3745  1.00270773 25020
SES-11 (ECHOSTAR 105)   
1 42967U 17063A   24206.70189741 -.00000090  00000+0  00000+0 0  9994
2 42967   0.0201  65.7141 0002387  68.1491 316.7589  1.00270613 24786
KOREASAT 5A             
1 42984U 17067A   24207.91042522 -.00000360  00000+0  00000+0 0  9996
2 42984   0.0151  67.6786 0000766  68.2998 248.9947  1.00269515 24599
ALCOMSAT 1              
1 43039U 17078A   24208.43520722 -.00000188  00000+0  00000+0 0  9999
2 43039   0.0663 244.3743 0001654 262.2392 289.8596  1.00272096 24353
SBIRS GEO-3 (USA 282)   
1 43162U 18009A   24208.49910550  .00000127  00000+0  00000+0 0  9991
2 43162   2.3169 337.2301 0001703 158.7033 189.0096  1.00271558 23913
AL YAH 3                
1 43174U 18012A   24208.05049231 -.00000157  00000+0  00000+0 0  9993
2 43174   0.0636 262.7784 0002356 236.5853 162.9347  1.00271695 23907
SES-14                  
1 43175U 18012B   24206.43803962 -.00000280  00000+0  00000+0 0  9990
2 43175   0.0111  17.7246 0001049 106.3656 288.7372  1.00269914    79
GOES 17                 
1 43226U 18022A   24208.13316878 -.00000093  00000+0  00000+0 0  9994
2 43226   0.0022 256.1666 0001406 273.8055  77.5629  1.00271072 23502
HISPASAT 30W-6          
1 43228U 18023A   24206.43081370 -.00000218  00000+0  00000+0 0  9993
2 43228   0.0412  52.2104 0004768  49.1502 326.3586  1.00269405 23463
SUPERBIRD-B3            
1 43271U 18033A   24208.18521575 -.00000095  00000+0  00000+0 0  9995
2 43271   0.0380 260.2520 0001243 227.9505  44.8132  1.00270896 23119
HYLAS 4                 
1 43272U 18033B   24205.92919999 -.00000234  00000+0  00000+0 0  9991
2 43272   0.0784 264.0330 0001114 226.8560 112.2628  1.00269414 23120
IRNSS-1I                
1 43286U 18035A   24207.73553807  .00000073  00000+0  00000+0 0  9991
2 43286  29.1957  85.0215 0018803 178.6538   0.1093  1.00276598 23137
COSMOS 2526             
1 43432U 18037A   24206.17410616 -.00000346  00000+0  00000+0 0  9997
2 43432   0.0288 105.8396 0000594  38.2572 349.0061  1.00269928 23020
APSTAR-6C               
1 43450U 18041A   24208.18050910 -.00000320  00000+0  00000+0 0  9994
2 43450   0.0477 296.0291 0001778 344.3893 222.9080  1.00268172 22916
BANGABANDHUSAT-1        
1 43463U 18044A   24208.03453500 -.00000364  00000+0  00000+0 0  9995
2 43463   0.0186  98.5493 0001770  56.0147 281.1865  1.00269990 22802
SES-12                  
1 43488U 18049A   24207.84227251 -.00000271  00000+0  00000+0 0  9994
2 43488   0.0131   5.9197 0000880 234.6291 101.6767  1.00271100 22484
FENGYUN 2H              
1 43491U 18050A   24208.09813851 -.00000128  00000+0  00000+0 0  9996
2 43491   1.2422  87.0882 0001086  65.7485 265.6315  1.00276997 22583
BEIDOU-2 IGSO-7         
1 43539U 18057A   24207.81123488 -.00000104  00000+0  00000+0 0  9999
2 43539  55.1523 169.0526 0079291 234.4649 301.8044  1.00299513 22202
TELSTAR 19V             
1 43562U 18059A   24205.56558490 -.00000280  00000+0  00000+0 0  9997
2 43562   0.0300 164.2809 0003230 326.9145 311.1859  1.00270275 22188
TELKOM 4 (MERAH PUTIH)  
1 43587U 18064A   24208.47272990 -.00000346  00000+0  00000+0 0  9994
2 43587   0.0109  40.9445 0001390 114.7672  67.1026  1.00272586 21934
TELSTAR 18V             
1 43611U 18069A   24208.19632830 -.00000296  00000+0  00000+0 0  9993
2 43611   0.0231  73.5719 0001972  56.1518  23.3385  1.00268388 21687
AZERSPACE 2 (IS-38)     
1 43632U 18074A   24207.87676344  .00000134  00000+0  00000+0 0  9994
2 43632   0.0148  78.8464 0001456  54.0103 171.9282  1.00272338 21503
HORIZONS-3E             
1 43633U 18074B   24207.90138278 -.00000032  00000+0  00000+0 0  9996
2 43633   0.0510 243.4455 0000457  21.3294 172.7961  1.00271963 21398
AEHF-4 (USA 288)        
1 43651U 18079A   24207.56826944 -.00000275  00000+0  00000+0 0  9996
2 43651   1.6213 335.7749 0046175   8.6143  96.4240  1.00269219 21364
BEIDOU-3 G1             
1 43683U 18085A   24208.19632830 -.00000281  00000+0  00000+0 0  9994
2 43683   2.2854 108.1413 0003774   0.8451  46.1318  1.00271501 21120
GSAT-29                 
1 43698U 18089A   24207.59253118  .00000083  00000+0  00000+0 0  9994
2 43698   0.0113  78.7442 0002391  39.6350  93.7291  1.00268441 20852
ES'HAIL 2               
1 43700U 18090A   24207.80092958  .00000142  00000+0  00000+0 0  9993
2 43700   0.0154  71.8804 0002308  96.1735  90.0781  1.00267816 20747
GEO-KOMPSAT-2A          
1 43823U 18100A   24208.48465569 -.00000346  00000+0  00000+0 0  9995
2 43823   0.0182  99.9367 0002123   4.3710 143.0727  1.00271460 20736
GSAT-11                 
1 43824U 18100B   24208.49216149 -.00000079  00000+0  00000+0 0  9998
2 43824   0.0929 266.9949 0007379 194.4445  94.3810  1.00271370 20700
GSAT-7A                 
1 43864U 18105A   24207.85882844  .00000024  00000+0  00000+0 0  9996
2 43864   0.0948 266.3843 0001842 197.9771 211.6354  1.00272602 20516
COSMOS 2533             
1 43867U 18107A   24207.85865483 -.00000041  00000+0  00000+0 0  9991
2 43867   0.0274 117.5383 0000608  91.7115 113.8901  1.00274567 20501
TJS-3                   
1 43874U 18110A   24207.83299446  .00000000  00000+0  00000+0 0  9995
2 43874   0.7515  88.6448 0002731  90.6195 237.5807  1.00272658 20484
ZHONGXING-2D            
1 43920U 19001A   24207.85760654 -.00000339  00000+0  00000+0 0  9999
2 43920   0.0314 151.1354 0002506 113.5378 118.1017  1.00270621 47143
HELLAS-SAT 4 & SGS-1    
1 44034U 19007A   24206.08673272  .00000151  00000+0  00000+0 0  9996
2 44034   0.0676 122.0825 0006202  24.2323 226.1942  1.00271144 20404
GSAT-31                 
1 44035U 19007B   24208.09195990  .00000123  00000+0  00000+0 0  9995
2 44035   0.0448 256.2283 0002022 326.4972 162.5184  1.00271704 20035
NUSANTARA SATU          
1 44048U 19009A   24207.64389792 -.00000236  00000+0  00000+0 0  9992
2 44048   0.0291 119.4709 0004844   9.5923 192.5582  1.00273281 19830
ZHONGXING-6C            
1 44067U 19012A   24207.85977328 -.00000337  00000+0  00000+0 0  9990
2 44067   0.0184 104.8867 0005286 309.9592 329.1465  1.00271784 19806
WGS 10 (USA 291)        
1 44071U 19014A   24207.85882844  .00000044  00000+0  00000+0 0  9999
2 44071   0.0168  80.3584 0001556  72.3030 160.8648  1.00271575 19699
TIANLIAN 2-01           
1 44076U 19017A   24207.81149993 -.00000108  00000+0  00000+0 0  9996
2 44076   0.2154 266.1817 0002122 193.8942 213.0361  1.00269762 19716
ARABSAT-6A              
1 44186U 19021A   24206.08499227  .00000152  00000+0  00000+0 0  9997
2 44186   0.0456 351.8934 0004717 208.0562 163.3668  1.00263375 19207
BEIDOU-3 IGSO-1         
1 44204U 19023A   24208.47651015 -.00000214  00000+0  00000+0 0  9990
2 44204  57.7008  44.8099 0022764 204.5784 345.3924  1.00289086 19439
BEIDOU-2 G8             
1 44231U 19027A   24207.87827404 -.00000251  00000+0  00000+0 0  9995
2 44231   1.5691  74.0575 0001947 172.9682 157.7062  1.00267670 19144
YAMAL 601               
1 44307U 19031A   24208.52144918  .00000118  00000+0  00000+0 0  9990
2 44307   0.0151 101.3370 0002361  24.0288  56.0464  1.00272814 18984
AT&T T-16               
1 44333U 19034A   24207.91904836 -.00000117  00000+0  00000+0 0  9997
2 44333   0.0188  67.3407 0000737 256.0870 210.6635  1.00272091 18697
EUTELSAT 7C             
1 44334U 19034B   24207.79763466  .00000046  00000+0  00000+0 0  9996
2 44334   0.0727 194.0193 0003303 277.9868 126.1192  1.00269925 19184
BEIDOU-3 IGSO-2         
1 44337U 19035A   24207.77482667 -.00000117  00000+0  00000+0 0  9999
2 44337  55.1845 164.9311 0035376 204.9367 331.4780  1.00284854 18738
COSMOS 2539             
1 44457U 19048A   24208.15327095  .00000079  00000+0  00000+0 0  9998
2 44457   0.0264 115.6139 0000654  96.1347 159.7525  1.00273346 18299
EDRS-C                  
1 44475U 19049A   24208.06818569  .00000152  00000+0  00000+0 0  9992
2 44475   0.0877 254.0320 0000595 187.2557 278.7080  1.00267901 18263
INTELSAT 39 (IS-39)     
1 44476U 19049B   24207.73697990  .00000032  00000+0  00000+0 0  9996
2 44476   0.0216  71.8220 0000889 271.0161 288.3312  1.00269504 18204
AMOS-17                 
1 44479U 19050A   24208.51500951  .00000107  00000+0  00000+0 0  9991
2 44479   0.0204  69.6894 0001563  67.2117  10.1643  1.00271642 18251
AEHF-5 (USA 292)        
1 44481U 19051A   24208.09343927  .00000066  00000+0  00000+0 0  9990
2 44481   2.6353 308.1548 0041611   7.2820  77.5750  1.00363423 18320
EUTELSAT 5 WEST B       
1 44624U 19067A   24208.31316816 -.00000044  00000+0  00000+0 0  9995
2 44624   0.0718 327.7560 0003086 158.1232 286.3396  1.00270886 17510
MEV-1                   
1 44625U 19067B   24205.85886410 -.00000203  00000+0  00000+0 0  9991
2 44625   0.0342 235.6415 0000793 241.8140 106.3098  1.00271838 84635
TJS-4                   
1 44637U 19070A   24206.17896604 -.00000170  00000+0  00000+0 0  9993
2 44637   0.0812 100.5808 0001954 320.2605  29.4874  1.00268346 17581
BEIDOU-3 IGSO-3         
1 44709U 19073A   24206.63184191 -.00000181  00000+0  00000+0 0  9990
2 44709  55.9847 288.3324 0040958 188.6195 171.4111  1.00291426 17513
TIBA-1                  
1 44800U 19080A   24207.82549375  .00000154  00000+0  00000+0 0  9990
2 44800   0.0519 358.1304 0002185 139.5842 138.9747  1.00267905 17125
INMARSAT GX5            
1 44801U 19080B   24207.79841788  .00000072  00000+0  00000+0 0  9999
2 44801   0.0422  40.0154 0002214  99.6182 102.7594  1.00271163 17170
JCSAT-18 (KACIFIC 1)    
1 44868U 19091A   24208.54198003 -.00000203  00000+0  00000+0 0  9990
2 44868   0.0465 232.2723 0000499   3.9768  53.5617  1.00270037 17165
ELEKTRO-L 3             
1 44903U 19095A   24207.85327131 -.00000099  00000+0  00000+0 0  9996
2 44903   0.0643 276.3495 0000458 258.4251 152.5139  1.00270540 16760
SHIJIAN-20 (SJ-20)      
1 44910U 19097A   24207.83070308 -.00000071  00000+0  00000+0 0  9995
2 44910   3.1390  83.5242 0007716  82.8680 149.6953  1.00271388 16760
TJS-5                   
1 44978U 20002A   24208.03227241 -.00000344  00000+0  00000+0 0  9993
2 44978   0.1278 264.9001 0001539 289.0742 229.3760  1.00272305 16763
GSAT-30                 
1 45026U 20005A   24205.46181323 -.00000165  00000+0  00000+0 0  9996
2 45026   0.0512  92.9905 0003533  13.1803  84.7535  1.00270360 16559
EUTELSAT KONNECT        
1 45027U 20005B   24207.79763466  .00000047  00000+0  00000+0 0  9997
2 45027   0.0567  90.8578 0000474 193.3002 314.1776  1.00267436 17396
JCSAT-17                
1 45245U 20013A   24207.86103366 -.00000316  00000+0  00000+0 0  9993
2 45245   5.5687 350.2542 0004252 142.7619 256.9973  1.00271856 16308
GEO-KOMPSAT-2B          
1 45246U 20013B   24208.03644950 -.00000346  00000+0  00000+0 0  9996
2 45246   0.0503 248.6715 0000532 323.8808 233.0063  1.00273141 16324
BEIDOU-3 G2             
1 45344U 20017A   24208.16989234 -.00000144  00000+0  00000+0 0  9996
2 45344   2.3629  31.1064 0002239 144.8832 269.5361  1.00272351 16342
AEHF-6 (USA 298)        
1 45465U 20022B   24207.81965462 -.00000299  00000+0  00000+0 0  9995
2 45465   4.1322 298.4108 0040914   5.6415  72.7426  1.00267819 16086
BEIDOU-3 G3             
1 45807U 20040A   24208.10396900 -.00000356  00000+0  00000+0 0  9997
2 45807   0.8433  46.8648 0004105   5.9329  39.4835  1.00272975 15155
APSTAR-6D               
1 45863U 20045A   24207.88382538 -.00000320  00000+0  00000+0 0  9991
2 45863   0.0548 242.1479 0003407 328.8946 185.1973  1.00267418 14927
KOREASAT 116            
1 45920U 20048A   24208.53482854 -.00000364  00000+0  00000+0 0  9991
2 45920   0.0359 264.2985 0001225 255.6283  93.4839  1.00268169 14707
EXPRESS 103             
1 45985U 20053A   24207.84313284 -.00000282  00000+0  00000+0 0  9990
2 45985   0.0165  61.0753 0000185  64.0869 218.8919  1.00269474 14718
EXPRESS 80              
1 45986U 20053B   24207.93308697 -.00000137  00000+0  00000+0 0  9992
2 45986   0.0103  24.2481 0000635  12.2267 323.5295  1.00271042 14712
BSAT-4B                 
1 46112U 20056A   24206.95938116 -.00000352  00000+0  00000+0 0  9992
2 46112   0.0501 123.5126 0004351  10.8501 264.0027  1.00272095 14440
MEV-2                   
1 46113U 20056B   24207.29513608 -.00000013  00000+0  00000+0 0  9990
2 46113   0.0460 256.0399 0000919 209.9933 302.7072  1.00270059 73617
GALAXY 30 (G-30)        
1 46114U 20056C   24208.48912206  .00000035  00000+0  00000+0 0  9993
2 46114   0.0153  75.0661 0001943  59.0425 221.6191  1.00270510 14478
GAOFEN-13 01            
1 46610U 20071A   24208.46357914 -.00000365  00000+0  00000+0 0  9995
2 46610   0.5132  87.2553 0007626 272.5459 229.4439  1.00267406 13974
TIANTONG-1 2            
1 46916U 20082A   24207.85508558 -.00000357  00000+0  00000+0 0  9991
2 46916   2.2572 293.7642 0001876 261.2937 181.7502  1.00271217 13729
LUCAS (JDRS-1)          
1 47202U 20089A   24207.83912115 -.00000238  00000+0  00000+0 0  9991
2 47202   0.0148  84.0383 0002860  34.3256 218.5076  1.00272280 13482
SXM-7                   
1 47240U 20096A   24207.27842772 -.00000206  00000+0  00000+0 0  9995
2 47240   0.0220 106.4562 0004682  21.7360 190.3124  1.00269963   518
CMS-01                  
1 47256U 20099A   24207.22896372 -.00000167  00000+0  00000+0 0  9991
2 47256   0.0824  91.7251 0004721 171.9649 205.1711  1.00270498 13266
TURKSAT 5A              
1 47306U 21001A   24207.94516149  .00000152  00000+0  00000+0 0  9994
2 47306   0.0267  89.1522 0000111 124.2625 101.8768  1.00271092 13051
TIANTONG-1 3            
1 47321U 21003A   24207.81438241 -.00000156  00000+0  00000+0 0  9990
2 47321   2.7989 312.9660 0003322 196.9103 168.8229  1.00272092 13036
TJS-6                   
1 47613U 21010A   24207.38313302  .00000043  00000+0  00000+0 0  9998
2 47613   0.1957  89.2288 0002988 106.9979  63.8532  1.00281123 12862
SBIRS GEO-5 (USA 315)   
1 48618U 21042A   24208.51587973  .00000117  00000+0  00000+0 0  9994
2 48618   6.0856 325.7305 0001785 171.9290  13.6441  1.00271944 11806
FENGYUN 4B              
1 48808U 21047A   24207.80557808 -.00000332  00000+0  00000+0 0  9995
2 48808   0.0882  69.5236 0005219  47.2982 221.8069  1.00272368 11647
SXM-8                   
1 48838U 21049A   24207.56461448 -.00000206  00000+0  00000+0 0  9997
2 48838   0.0107  26.0621 0005634  10.3701  25.3983  1.00269740 11650
TIANLIAN 1-05           
1 49011U 21063A   24207.83660469  .00000106  00000+0  00000+0 0  9999
2 49011   0.2092 288.1953 0002904 218.0741 115.6880  1.00270926 11147
STAR ONE D2             
1 49055U 21069A   24207.99684201 -.00000267  00000+0  00000+0 0  9999
2 49055   0.0102  43.9477 0002484  98.8307  90.2444  1.00270808 10971
EUTELSAT QUANTUM        
1 49056U 21069B   24207.86438302  .00000124  00000+0  00000+0 0  9996
2 49056   0.0380 277.4289 0002454 207.0465 178.4292  1.00272142 10996
ZHONGXING-2E            
1 49062U 21071A   24207.84313307 -.00000294  00000+0  00000+0 0  9990
2 49062   0.0501 243.7979 0001076 271.4642 190.3613  1.00271840 11109
TJS-7                   
1 49115U 21077A   24208.50280708 -.00000126  00000+0  00000+0 0  9991
2 49115   0.4097  86.7624 0001479  62.6517 236.8367  1.00270479 10896
CHINASAT 9B             
1 49125U 21080A   24208.10257664 -.00000314  00000+0  00000+0 0  9996
2 49125   0.0156  79.9485 0002773  79.1913 283.5212  1.00269185 10709
SHIJIAN-21 (SJ-21)      
1 49330U 21094A   24207.87827404 -.00000260  00000+0  00000+0 0  9997
2 49330   9.8814  44.9765 0079503  34.7149 324.5542  1.00300767 10323
SES-17                  
1 49332U 21095A   24207.78284082 -.00000274  00000+0  00000+0 0  9994
2 49332   0.0160  61.8051 0000883  61.2361  35.6396  1.00269219 10912
SYRACUSE 4A             
1 49333U 21095B   24207.94820729  .00000133  00000+0  00000+0 0  9990
2 49333   0.0171  94.3191 0001680  41.8967 194.7639  1.00271259 11053
QZS-1R                  
1 49336U 21096A   24207.64722148 -.00000286  00000+0  00000+0 0  9997
2 49336  36.0196  89.9442 0758611 272.2021 305.9153  1.00244609 10072
ZHONGXING-1D            
1 49505U 21114A   24207.85760652 -.00000338  00000+0  00000+0 0  9999
2 49505   0.0299 161.7741 0001315  66.9223 154.2485  1.00271935  9893
STPSAT-6                
1 49817U 21118A   24208.44118729 -.00000048  00000+0  00000+0 0  9995
2 49817   0.0340 274.9811 0000109 252.2085 184.5973  1.00271927  9650
LDPE-1                  
1 49818U 21118B   24207.76004088 -.00000036  00000+0  00000+0 0  9999
2 49818   2.3733  87.6061 0005705  59.7441 248.2820  0.99889345  9690
EXPRESS AMU-7           
1 50001U 21123A   24207.75315409 -.00000245  00000+0  00000+0 0  9994
2 50001   0.0106  10.2972 0000192  24.0914 325.6127  1.00270777  9600
EXPRESS AMU-3           
1 50002U 21123B   24207.86962440 -.00000323  00000+0  00000+0 0  9997
2 50002   0.0110  25.7587 0000595  67.3805 266.8676  1.00276106  9578
TIANLIAN 2-02           
1 50005U 21124A   24208.56397648 -.00000016  00000+0  00000+0 0  9990
2 50005   0.5721 273.3085 0000979 236.9141 168.4986  1.00271649  9681
TURKSAT 5B              
1 50212U 21126A   24207.82549375  .00000144  00000+0  00000+0 0  9997
2 50212   0.0659 348.3669 0001919   6.4290 288.3519  1.00268823  9366
INMARSAT 6-F1           
1 50319U 21128A   24207.95551719 -.00000174  00000+0  00000+0 0  9990
2 50319   0.0234 305.3981 0000140 195.5257 230.9528  1.00271510  9316
SHIYAN 12 01 (SY-12 01) 
1 50321U 21129A   24207.86681194 -.00000182  00000+0  00000+0 0  9994
2 50321   1.8819  90.2979 0002353  84.6209 229.8000  1.00436984  9564
SHIYAN 12 02 (SY-12 02) 
1 50322U 21129B   24207.80633150 -.00000315  00000+0  00000+0 0  9996
2 50322   1.8810  90.3097 0001647 143.2135 107.1202  1.00075807  9568
TJS-9                   
1 50574U 21135A   24208.19632830 -.00000300  00000+0  00000+0 0  9993
2 50574   0.0431 233.8424 0004907 281.9528 356.4833  1.00272349  9539
USA 324                 
1 51280U 22006A   24188.29296618 -.00000183  00000+0  00000+0 0  9993
2 51280   1.7875  88.2496 0005868  82.0167  16.3134  1.00106144  9008
USA 325                 
1 51281U 22006B   24188.35202719 -.00000279  00000+0  00000+0 0  9996
2 51281   0.3795  86.1722 0000859 133.2264 285.5104  1.00374250   278
GOES 18                 
1 51850U 22021A   24208.48212137  .00000095  00000+0  00000+0 0  9992
2 51850   0.0089 240.2863 0000389 267.3637 193.5512  1.00271671  8871
ZHONGXING-6D            
1 52255U 22038A   24207.80821709 -.00000355  00000+0  00000+0 0  9996
2 52255   0.0378 244.1089 0000729 323.5716 152.3047  1.00275273  8515
NILESAT 301             
1 52817U 22061A   24207.79484994 -.00000059  00000+0  00000+0 0  9996
2 52817   0.0562 330.6015 0003502 102.1540 150.4068  1.00272542  7801
CMS-02 (GSAT 24)        
1 52903U 22067A   24207.87326537 -.00000167  00000+0  00000+0 0  9995
2 52903   0.0868 268.2724 0008133 188.9402 244.2201  1.00271467  7674
MEASAT 3D               
1 52904U 22067B   24207.95751872 -.00000245  00000+0  00000+0 0  9996
2 52904   0.0649 290.0277 0000257 237.2513 213.0580  1.00280789  7714
SES-22                  
1 52933U 22071A   24207.69707406  .00000103  00000+0  00000+0 0  9990
2 52933   0.0437 252.7032 0001035 306.0198 217.1016  1.00271018  7639
WFOV (USA 332)          
1 52940U 22073A   24207.89288300 -.00000365  00000+0  00000+0 0  9990
2 52940   1.9232  87.7074 0001594 340.9023 316.2007  1.00270450  7434
TIANLIAN 2-03           
1 53100U 22078A   24206.90397899  .00000071  00000+0  00000+0 0  9992
2 53100   1.1318 278.4944 0002035 194.1338 166.4474  1.00273311  7616
SBIRS GEO-6 (USA 336)   
1 53355U 22092A   24208.18155337 -.00000292  00000+0  00000+0 0  9997
2 53355   4.4943 311.2395 0002331 166.6931  30.7796  1.00271018  7292
EUTELSAT KONNECT VHTS   
1 53765U 22110A   24207.27966088  .00000015  00000+0  00000+0 0  9997
2 53765   0.0487  93.0087 0002555  26.1796 287.6363  1.00270720   231
ZHONGXING-1E            
1 53813U 22112A   24207.81438241 -.00000152  00000+0  00000+0 0  9991
2 53813   0.0691 262.7997 0000465 191.9402 223.7943  1.00276200  6915
SES-20                  
1 53960U 22123A   24202.98181169 -.00000094  00000+0  00000+0 0  9998
2 53960   0.0202  85.8150 0002170  12.3692  91.4059  1.00267736  6555
SES-21                  
1 53961U 22123B   24207.69864047  .00000068  00000+0  00000+0 0  9995
2 53961   0.0185  27.2657 0000925  99.0197 298.0952  1.00270739   284
GALAXY 33 (G-33)        
1 54026U 22128A   24207.33651171  .00000077  00000+0  00000+0 0  9996
2 54026   0.0146  58.2771 0001699  73.7234 159.6647  1.00270312  6810
GALAXY 34 (G-34)        
1 54027U 22128B   24207.61044921  .00000057  00000+0  00000+0 0  9995
2 54027   0.0136  45.9666 0001497  74.2621 274.3195  1.00270803  6973
ANGOSAT 2               
1 54033U 22131A   24207.87232529  .00000134  00000+0  00000+0 0  9993
2 54033   0.0268 178.1895 0000906 315.9238 146.9605  1.00276989  6535
EUTELSAT HOTBIRD 13F    
1 54048U 22134A   24207.83660469  .00000085  00000+0  00000+0 0  9991
2 54048   0.0661 284.9472 0001939  75.5461 257.6895  1.00270343  6516
LDPE-2                  
1 54219U 22144A   24208.13908632 -.00000278  00000+0  00000+0 0  9998
2 54219   3.9098  65.1014 0000776 143.1254  71.1950  1.00626298  4864
EUTELSAT HOTBIRD 13G    
1 54225U 22146A   24207.83660469  .00000085  00000+0  00000+0 0  9991
2 54225   0.0515 244.1669 0002081 297.1784  76.8471  1.00270706   547
ZHONGXING-19            
1 54230U 22148A   24208.18521575 -.00000082  00000+0  00000+0 0  9990
2 54230   0.0154  88.8557 0005670 138.0585 307.4960  1.00272332  6437
GALAXY 31 (G-31)        
1 54243U 22153A   24208.49144507  .00000011  00000+0  00000+0 0  9991
2 54243   0.0197  83.7637 0001195  52.0690 224.7511  1.00270186  6237
GALAXY 32 (G-32)        
1 54244U 22153B   24208.13586648 -.00000176  00000+0  00000+0 0  9992
2 54244   0.0164  52.9956 0001421   7.6266 201.5865  1.00272135  6232
EUTELSAT 10B            
1 54259U 22157A   24208.17757833  .00000065  00000+0  00000+0 0  9998
2 54259   0.0491  92.4219 0000818 352.9947 292.8455  1.00265463  6125
GALAXY 35 (G-35)        
1 54741U 22170A   24207.63463911 -.00000164  00000+0  00000+0 0  9991
2 54741   0.0166  79.0775 0001918  54.7199 305.3916  1.00270069  5978
GALAXY 36 (G-36)        
1 54742U 22170B   24207.63542233 -.00000187  00000+0  00000+0 0  9992
2 54742   0.0139  97.7200 0003070  14.7003 331.1402  1.00272013  5833
METEOSAT-12 (MTG-I1)    
1 54743U 22170C   24207.79615528 -.00000010  00000+0  00000+0 0  9993
2 54743   0.5539  44.5638 0002058  73.3708 112.1588  1.00271149  6041
SHIJIAN-23 (SJ-23)      
1 55131U 23002A   24207.83105071  .00000153  00000+0  00000+0 0  9999
2 55131   1.9304  87.3030 0000495  26.6048 159.3336  1.00456153  5571
USA 340                 
1 55138U 22144E   24200.51394269 -.00000013  00000+0  00000+0 0  9995
2 55138   3.8607  65.8497 0002138  69.0088 247.2219  0.99551046  4765
APSTAR-6E               
1 55239U 23005A   24207.96595991 -.00000319  00000+0  00000+0 0  9994
2 55239   0.0429  93.9952 0002276 353.0538 338.8676  1.00273129 21405
ELEKTRO-L 4             
1 55506U 23016A   24207.69541519 -.00000061  00000+0  00000+0 0  9994
2 55506   0.0463 121.0394 0001251  97.5891 141.3516  1.00271961  5388
AMAZONAS NEXUS          
1 55508U 23017A   24207.49777428 -.00000284  00000+0  00000+0 0  9992
2 55508   0.0354  48.1819 0004193  46.7302 326.9564  1.00269305   109
ZHONGXING-26            
1 55686U 23023A   24207.85517779 -.00000356  00000+0  00000+0 0  9997
2 55686   0.0691  81.5643 0003081  23.7217 271.6655  1.00264527  5294
LUCH-5X (OLYMP-K 2)     
1 55841U 23031A   24207.65300088 -.00000010  00000+0  00000+0 0  9997
2 55841   0.0456 211.3624 0001039 287.0771  39.8791  1.00272403  5016
GAOFEN-13 02            
1 55912U 23036A   24208.19632830 -.00000232  00000+0  00000+0 0  9990
2 55912   1.9381 306.6432 0003214 300.9353 274.2000  1.00271426  5152
SES-18                  
1 55970U 23038A   24207.63272462 -.00000104  00000+0  00000+0 0  9993
2 55970   0.0538 258.4397 0001587 266.8764 263.1857  1.00278434  5187
SES-19                  
1 55971U 23038B   24207.69785727  .00000086  00000+0  00000+0 0  9991
2 55971   0.0392 258.1686 0001836 231.7657 290.2502  1.00270485  5156
INTELSAT 40E (IS-40E)   
1 56174U 23052A   24207.38521421 -.00000176  00000+0  00000+0 0  9999
2 56174   0.0143  97.1044 0002248  48.6546 205.4849  1.00272054  4903
VIASAT-3                
1 56370U 23060A   24207.63533529 -.00000187  00000+0  00000+0 0  9998
2 56370   0.0067  26.4828 0000189 195.0129 222.0661  1.00270649  4508
ARCTURUS                
1 56371U 23060B   24207.81176100 -.00000119  00000+0  00000+0 0  9992
2 56371   0.9826  88.3782 0000195 229.1401 356.7318  1.00272685  4524
GS-1                    
1 56372U 23060C   24207.02671704 -.00000212  00000+0  00000+0 0  9990
2 56372   0.9330  87.5392 0003004 281.4159  32.0455  1.00257798   593
BEIDOU-3 G4             
1 56564U 23066A   24207.75647295 -.00000113  00000+0  00000+0 0  9997
2 56564   2.0283 288.2227 0006180 211.6165 236.4274  1.00271814  4467
ARABSAT-7B (BADR-8)     
1 56757U 23075A   24207.83105071  .00000142  00000+0  00000+0 0  9992
2 56757   0.0696  26.5286 0003131   7.6980 234.9528  1.00271457  4206
IRNSS-1J (NVS-01)       
1 56759U 23076A   24207.85674608 -.00000337  00000+0  00000+0 0  9991
2 56759   3.9011 265.3015 0004702   3.2295 113.4842  1.00267238  4189
NUSANTARA TIGA (SATRIA) 
1 57045U 23086A   24207.87827404 -.00000237  00000+0  00000+0 0  9996
2 57045   0.0230  18.3138 0002626 318.4364  69.4813  1.00272276  2827
H2SAT (HEINRICH HERTZ)  
1 57213U 23093A   24207.79624230 -.00000001  00000+0  00000+0 0  9993
2 57213   0.0138  73.2864 0000861 140.6073  17.2157  1.00274204  3947
SYRACUSE 4B             
1 57214U 23093B   24207.58027855 -.00000057  00000+0  00000+0 0  9992
2 57214   0.0164  80.2417 0000207 132.5358 293.3097  1.00270187    21
JUPITER 3 (ECHOSTAR 24) 
1 57479U 23108A   24207.42110881 -.00000152  00000+0  00000+0 0  9993
2 57479   0.0144  61.5849 0001247  54.2467 244.1704  1.00272177  3707
GALAXY 37 (G-37)        
1 57493U 23112A   24207.69942368  .00000046  00000+0  00000+0 0  9997
2 57493   0.0092  44.6115 0002068  85.1285 298.9223  1.00271272  3580
LUDI TANCE-4 01A        
1 57624U 23120A   24207.87666198 -.00000175  00000+0  00000+0 0  9990
2 57624  15.7062 210.8174 0001900 252.4508 245.7820  1.00266008  3617
TJS-10                  
1 58204U 23169A   24207.83284285 -.00000001  00000+0  00000+0 0  9995
2 58204   0.7473  88.4647 0000700  34.4952 293.7153  1.00272586  2602
ZHONGXING-6E            
1 58253U 23172A   24207.88807384 -.00000364  00000+0  00000+0 0  9991
2 58253   0.0487 261.4438 0002159 217.0092 260.7807  1.00274931  2728
YAOGAN-41               
1 58582U 23197A   24207.89351297 -.00000362  00000+0  00000+0 0  9999
2 58582   4.5183 307.7465 0018540 184.6894 256.4571  1.00274067  2392
OVZON-3                 
1 58698U 24003A   24207.78591042  .00000049  00000+0  00000+0 0  9997
2 58698   0.0117  95.3016 0002334 114.7742  76.5286  1.00271786   500
INSAT-3DS               
1 58990U 24033A   24208.09874765 -.00000158  00000+0  00000+0 0  9998
2 58990   0.0841 265.5324 0001799 222.2116 294.1665  1.00271555  1892
MERAH PUTIH 2           
1 58995U 24035A   24208.03331668 -.00000360  00000+0  00000+0 0  9994
2 58995   0.0100  33.0714 0001095  78.3259 317.7404  1.00268840  1697
TJS-11                  
1 59020U 24037A   24207.89251375 -.00000368  00000+0  00000+0 0  9993
2 59020   5.2623 321.4648 0005690 205.4160 218.7554  1.00270305  1654
HULIANWAN GAOGUI-01 (H*)
1 59069U 24040A   24207.83105071  .00000154  00000+0  00000+0 0  9997
2 59069   0.0310 104.9216 0003246 257.0934 274.8547  1.00270413   390
PAKSAT-MM1              
1 59915U 24104A   24208.16153816  .00000152  00000+0  00000+0 0  9993
2 59915   0.0314 130.2861 0000285 308.1020 322.2955  1.00265502   660
GOES 19                 
1 60133U 24119A   24208.39632953 -.00000184  00000+0  00000+0 0  9998
2 60133   0.0922 250.0729 0003580 199.0336 268.5688  1.00272154   386
