HST                     
1 20580U 90037B   24203.17682724  .00008917  00000+0  41485-3 0  9991
2 20580  28.4681 117.3260 0002558  45.7048 314.3754 15.18191033682469
POLAR                   
1 23802U 96013A   24202.78473342  .00000319  00000+0  00000+0 0  9993
2 23802  79.1505 234.3281 5893211 232.6168  57.9070  1.29847249135816
SWAS                    
1 25560U 98071A   24202.75262068  .00004321  00000+0  34776-3 0  9998
2 25560  69.8960 213.1071 0009621 249.9613 110.0511 15.00684528392423
CXO                     
1 25867U 99040B   24204.88591692  .00000703  00000+0  00000+0 0  9998
2 25867  41.8763 150.7871 8851548 298.5104   0.5638  0.37802407 14701
XMM-NEWTON              
1 25989U 99066A   24204.32937593  .00000172  00000+0  00000+0 0  9994
2 25989  67.6538 292.3933 5110821  76.5904   0.2984  0.50136632 33881
TERRA                   
1 25994U 99068A   24203.14702544  .00001247  00000+0  26989-3 0  9999
2 25994  98.0465 265.6356 0000756 225.8333 162.5845 14.59876848308125
CLUSTER II-FM7 (SAMBA)  
1 26410U 00041A   24203.25510564  .00001164  00000+0  00000+0 0  9997
2 26410 139.6733 359.2476 7571326 214.2724 359.2238  0.44224615 17206
CLUSTER II-FM6 (SALSA)  
1 26411U 00041B   24203.15627542  .00018528  00000+0  00000+0 0  9994
2 26411 149.2131  31.1357 9062564 246.9974 359.3079  0.44248909 17262
CLUSTER II-FM5 (RUMBA)  
1 26463U 00045A   24203.23776959  .00006052  00000+0  00000+0 0  9990
2 26463 151.1349  23.1608 8603310 238.8621 359.3520  0.44227263 29534
CLUSTER II-FM8 (TANGO)  
1 26464U 00045B   24203.25539562  .00001168  00000+0  00000+0 0  9993
2 26464 139.7289 359.2975 7571065 214.3130 359.2577  0.44222132 17206
ODIN                    
1 26702U 01007A   24203.03562788  .00017132  00000+0  70919-3 0  9997
2 26702  97.4775 218.0965 0009505 148.4900 211.6908 15.23964113282660
TIMED                   
1 26998U 01055B   24202.85244810  .00003104  00000+0  31302-3 0  9996
2 26998  74.0696 193.8248 0002661 254.9121 105.1767 14.91580602226847
INTEGRAL                
1 27540U 02048A   24201.59161438 -.00000289  00000+0  00000+0 0  9996
2 27540  89.5146  19.3329 8643605 281.0724 100.8175  0.37567439 24008
CORIOLIS                
1 27640U 03001A   24202.91995812  .00000375  00000+0  19862-3 0  9990
2 27640  98.7129 209.5992 0015168  60.3911 299.8774 14.19504165115429
SORCE                   
1 27651U 03004A   24202.62074591  .00006210  00000+0  56136-3 0  9994
2 27651  39.9919 255.0734 0020008 115.5047 244.7816 14.95507941167250
MOST                    
1 27843U 03031D   24202.92536692  .00000298  00000+0  15765-3 0  9998
2 27843  98.7060 209.4142 0011061 101.2935 258.9485 14.20984441 91815
SCISAT 1                
1 27858U 03036A   24202.88369044  .00001993  00000+0  27237-3 0  9999
2 27858  73.9332 113.0273 0008014 324.2563  35.8075 14.79316247128401
SWIFT                   
1 28485U 04047A   24202.91884353  .00019165  00000+0  83441-3 0  9997
2 28485  20.5565 299.5407 0007992   1.2054 358.8401 15.20111182 79464
CALIPSO                 
1 29108U 06016B   24202.94148243  .00003778  00000+0  69927-3 0  9998
2 29108  98.4191 185.6513 0001278  85.0586 275.0762 14.65958538970899
HINODE (SOLAR-B)        
1 29479U 06041A   24203.11920068  .00002189  00000+0  40217-3 0  9996
2 29479  98.0875 217.9750 0017279 338.3465  21.7006 14.66578694952760
SHIJIAN-6 02A (SJ-6 02A)
1 29505U 06046A   24203.15109995  .00009654  00000+0  70340-3 0  9997
2 29505  97.7203 230.1791 0003920  29.2030 330.9414 15.03954908967262
SHIJIAN-6 02B (SJ-6 02B)
1 29506U 06046B   24203.19347129  .00003212  00000+0  28041-3 0  9990
2 29506  97.7364 227.7776 0002181 157.4251 202.7067 14.97521338966429
FGRST (GLAST)           
1 33053U 08029A   24202.78499586  .00006421  00000+0  29917-3 0  9992
2 33053  25.5830 338.5222 0010811  65.9975 294.1693 15.17109512889681
WISE                    
1 36119U 09071A   24203.10210869  .00082905  00000+0  70685-3 0  9997
2 36119  97.1396 240.2500 0001994 108.9731 251.1748 15.69283244813578
SDO                     
1 36395U 10005A   24200.23729792 -.00000090  00000+0  00000+0 0  9999
2 36395  33.1852  97.1090 0000852 168.4401  14.2870  1.00269781 53054
CRYOSAT 2               
1 36508U 10013A   24202.92066593  .00000455  00000+0  11221-3 0  9990
2 36508  92.0331 109.2212 0003851 130.2345 229.9200 14.51906980757055
X-SAT                   
1 37389U 11015C   24203.18904615  .00000349  00000+0  16720-3 0  9997
2 37389  98.2936 205.3028 0013190 223.6461 136.3677 14.24730403689078
GCOM-W1 (SHIZUKU)       
1 38337U 12025A   24202.86235021  .00001687  00000+0  38441-3 0  9995
2 38337  98.2034 142.3826 0001314  83.0558 345.3135 14.57112523647637
NUSTAR                  
1 38358U 12031A   24202.91667824  .00005290  00000+0  38442-3 0  9996
2 38358   6.0167 175.1716 0009773 269.1780 202.2258 14.96759364  1305
NEOSSAT                 
1 39089U 13009D   24203.13570358  .00000525  00000+0  19825-3 0  9994
2 39089  98.4047  29.6080 0011605 155.7059 204.4676 14.35207433596880
BRITE-AUSTRIA           
1 39091U 13009F   24202.77216709  .00000620  00000+0  22870-3 0  9993
2 39091  98.3858  29.4069 0010835 153.6962 206.4777 14.35847461597089
IRIS                    
1 39197U 13033A   24202.78656447  .00002998  00000+0  38052-3 0  9994
2 39197  97.9634  33.2507 0027341  72.8980 287.5225 14.82189823597064
HISAKI (SPRINT-A)       
1 39253U 13049A   24203.19327685  .00000133  00000+0  92508-4 0  9995
2 39253  29.7179 158.1544 0137079 134.8406 226.3395 13.55406094537967
CASSIOPE                
1 39265U 13055A   24203.18047914  .00026702  00000+0  54859-3 0  9994
2 39265  80.9538 157.8884 0492089 161.1175 200.9027 14.71591816563372
STSAT-3                 
1 39422U 13066G   24203.22394615  .00005768  00000+0  52757-3 0  9993
2 39422  97.5213 181.3450 0018995 242.9276 117.0007 14.95223165579909
SWARM B                 
1 39451U 13067A   24202.93109195  .00006220  00000+0  28205-3 0  9995
2 39451  87.7519 192.4315 0003040  93.6369 266.5224 15.20654062577129
SWARM A                 
1 39452U 13067B   24203.08922898  .00011459  00000+0  35719-3 0  9994
2 39452  87.3449 310.9009 0002034  85.5202 274.6282 15.33119338599004
SWARM C                 
1 39453U 13067C   24202.89329158  .00011653  00000+0  36330-3 0  9999
2 39453  87.3446 309.5632 0002032  85.1812 274.9671 15.33115235598881
BRITE-CA1 (TORONTO)     
1 40020U 14033L   24202.92991499  .00002026  00000+0  33220-3 0  9991
2 40020  97.8816 338.8740 0082485 345.3398  14.5417 14.69573276539933
OCO 2                   
1 40059U 14035A   24203.18967449  .00001435  00000+0  32811-3 0  9990
2 40059  98.2030 143.4555 0001313 103.9628 256.1716 14.57153471534701
BRITE-PL2 (HEWELIUSZ)   
1 40119U 14049B   24202.81768435  .00004762  00000+0  50975-3 0  9992
2 40119  97.8849 302.3399 0014525 251.8381 108.1255 14.89111166537584
RESURS-P 2              
1 40360U 14087A   24203.17724188  .00041171  00000+0  47814-3 0  9992
2 40360  97.1515 290.0055 0006554 160.5433 199.6077 15.61630152536368
MMS 1                   
1 40482U 15011A   24203.25001157 -.00001896  00000+0  00000+0 0  9991
2 40482  49.7175   9.1118 9075023 148.3885   9.8105  0.28387011 15476
MMS 2                   
1 40483U 15011B   24203.25001157 -.00001897  00000+0  00000+0 0  9993
2 40483  49.7186   9.1088 9075197 148.3883   9.4243  0.28384055 15457
MMS 3                   
1 40484U 15011C   24203.25001157 -.00001897  00000+0  00000+0 0  9994
2 40484  49.7186   9.1086 9075194 148.3883   9.5175  0.28384385 15454
MMS 4                   
1 40485U 15011D   24203.25001157 -.00001900  00000+0  00000+0 0  9990
2 40485  49.7191   9.1130 9075983 148.3910   7.0691  0.28343646 15459
ASTROSAT                
1 40930U 15052A   24199.33374509  .00002751  00000+0  27672-3 0  9999
2 40930   5.9942 143.1855 0007792 146.1820 213.8805 14.79111618475889
DAMPE                   
1 41173U 15078A   24203.20076312  .00002858  00000+0  10933-3 0  9990
2 41173  97.4304 196.5965 0013615  29.6785 330.5224 15.27331155478178
PISAT                   
1 41784U 16059B   24202.80232631  .00002524  00000+0  46549-3 0  9993
2 41784  97.8323 223.2771 0028983 266.3444  93.4446 14.66070408417582
HXMT (HUIYAN)           
1 42758U 17034A   24203.12589534  .00011303  00000+0  60411-3 0  9991
2 42758  43.0143  86.9380 0013319   3.5299 356.5641 15.15030318392003
FLYING LAPTOP           
1 42831U 17042G   24203.17696906  .00004015  00000+0  36822-3 0  9990
2 42831  97.3864  22.1564 0011644 328.6148  31.4378 14.95357915382216
ZHANGHENG 1 (CSES)      
1 43194U 18015C   24203.16020216  .00017361  00000+0  79117-3 0  9990
2 43194  97.6136 347.2203 0013469  54.0743 306.1740 15.20647626358851
SALSAT                  
1 46495U 20068K   24202.86153860  .00009734  00000+0  54319-3 0  9998
2 46495  97.8173 163.0160 0013469 190.1968 169.8991 15.13694796209408
IXPE                    
1 49954U 21121A   24202.91667824  .00009212  00000+0  67854-3 0  9997
2 49954   0.2282 142.7594 0009420  60.6107 265.1097 14.98647953  5791
